净值日期,单位净值,累计净值,日增长率,申购状态,赎回状态,分红送配
2016-07-20,0.9580,2.9480,0.42%,开放申购,开放赎回,
2016-07-19,0.9540,2.9420,0.63%,开放申购,开放赎回,
2016-07-18,0.9480,2.9340,-1.25%,开放申购,开放赎回,
2016-07-15,0.9600,2.9510,-0.21%,开放申购,开放赎回,
2016-07-14,0.9620,2.9530,0.31%,开放申购,开放赎回,
2016-07-13,0.9590,2.9490,0.52%,开放申购,开放赎回,
2016-07-12,0.9540,2.9420,-0.73%,开放申购,开放赎回,
2016-07-11,0.9610,2.9520,-0.62%,开放申购,开放赎回,
2016-07-08,0.9670,2.9600,-0.51%,开放申购,开放赎回,
2016-07-07,0.9720,2.9670,0.73%,开放申购,开放赎回,
2016-07-06,0.9650,2.9570,0.63%,开放申购,开放赎回,
2016-07-05,0.9590,2.9490,0.52%,开放申购,开放赎回,
2016-07-04,0.9540,2.9420,1.92%,开放申购,开放赎回,
2016-07-01,0.9360,2.9180,-1.27%,开放申购,开放赎回,
2016-06-30,0.9480,2.9340,-0.63%,开放申购,开放赎回,
2016-06-29,0.9540,2.9420,-0.10%,开放申购,开放赎回,
2016-06-28,0.9550,2.9440,0.84%,开放申购,开放赎回,
2016-06-27,0.9470,2.9330,2.82%,开放申购,开放赎回,
2016-06-24,0.9210,2.8970,-0.22%,开放申购,开放赎回,
2016-06-23,0.9230,2.9000,-0.65%,开放申购,开放赎回,
2016-06-22,0.9290,2.9080,1.64%,开放申购,开放赎回,
2016-06-21,0.9140,2.8880,-0.87%,开放申购,开放赎回,
2016-06-20,0.9220,2.8990,1.32%,开放申购,开放赎回,
2016-06-17,0.9100,2.8820,2.02%,开放申购,开放赎回,
2016-06-16,0.8920,2.8580,0.91%,开放申购,开放赎回,
2016-06-15,0.8840,2.8470,4.00%,开放申购,开放赎回,
2016-06-14,0.8500,2.8000,-0.12%,开放申购,开放赎回,
2016-06-13,0.8510,2.8020,-4.38%,开放申购,开放赎回,
2016-06-08,0.8900,2.8550,0.23%,开放申购,开放赎回,
2016-06-07,0.8880,2.8520,0.23%,开放申购,开放赎回,
2016-06-06,0.8860,2.8500,0.34%,开放申购,开放赎回,
2016-06-03,0.8830,2.8460,0.91%,开放申购,开放赎回,
2016-06-02,0.8750,2.8350,0.57%,开放申购,开放赎回,
2016-06-01,0.8700,2.8280,0.46%,开放申购,开放赎回,
2016-05-31,0.8660,2.8220,3.34%,开放申购,开放赎回,
2016-05-30,0.8380,2.7840,-0.12%,开放申购,开放赎回,
2016-05-27,0.8390,2.7850,0.36%,开放申购,开放赎回,
2016-05-26,0.8360,2.7810,0.60%,开放申购,开放赎回,
2016-05-25,0.8310,2.7750,0.00%,开放申购,开放赎回,
2016-05-24,0.8310,2.7750,-1.31%,开放申购,开放赎回,
2016-05-23,0.8420,2.7900,1.20%,开放申购,开放赎回,
2016-05-20,0.8320,2.7760,1.34%,开放申购,开放赎回,
2016-05-19,0.8210,2.7610,0.61%,开放申购,开放赎回,
2016-05-18,0.8160,2.7540,-3.55%,开放申购,开放赎回,
2016-05-17,0.8460,2.7950,-0.24%,开放申购,开放赎回,
2016-05-16,0.8480,2.7980,1.44%,开放申购,开放赎回,
2016-05-13,0.8360,2.7810,-0.36%,开放申购,开放赎回,
2016-05-12,0.8390,2.7850,-0.71%,开放申购,开放赎回,
2016-05-11,0.8450,2.7940,-1.29%,开放申购,开放赎回,
2016-05-10,0.8560,2.8090,-0.12%,开放申购,开放赎回,
2016-05-09,0.8570,2.8100,-3.71%,开放申购,开放赎回,
2016-05-06,0.8900,2.8550,-3.58%,开放申购,开放赎回,
2016-05-05,0.9230,2.9000,0.76%,开放申购,开放赎回,
2016-05-04,0.9160,2.8910,-0.11%,开放申购,开放赎回,
2016-05-03,0.9170,2.8920,2.69%,开放申购,开放赎回,
2016-04-29,0.8930,2.8590,0.22%,开放申购,开放赎回,
2016-04-28,0.8910,2.8560,-0.11%,开放申购,开放赎回,
2016-04-27,0.8920,2.8580,-0.11%,开放申购,开放赎回,
2016-04-26,0.8930,2.8590,0.90%,开放申购,开放赎回,
2016-04-25,0.8850,2.8480,0.11%,开放申购,开放赎回,
2016-04-22,0.8840,2.8470,1.03%,开放申购,开放赎回,
2016-04-21,0.8750,2.8350,-1.35%,开放申购,开放赎回,
2016-04-20,0.8870,2.8510,-4.21%,开放申购,开放赎回,
2016-04-19,0.9260,2.9040,0.33%,开放申购,开放赎回,
2016-04-18,0.9230,2.9000,-0.97%,开放申购,开放赎回,
2016-04-15,0.9320,2.9120,-0.43%,开放申购,开放赎回,
2016-04-14,0.9360,2.9180,1.19%,开放申购,开放赎回,
2016-04-13,0.9250,2.9030,0.76%,开放申购,开放赎回,
2016-04-12,0.9180,2.8930,-1.18%,开放申购,开放赎回,
2016-04-11,0.9290,2.9080,1.31%,开放申购,开放赎回,
2016-04-08,0.9170,2.8920,-0.33%,开放申购,开放赎回,
2016-04-07,0.9200,2.8960,-0.43%,开放申购,开放赎回,
2016-04-06,0.9240,2.9010,0.43%,开放申购,开放赎回,
2016-04-05,0.9200,2.8960,1.66%,开放申购,开放赎回,
2016-04-01,0.9050,2.8760,-0.22%,开放申购,开放赎回,
2016-03-31,0.9070,2.8780,0.55%,开放申购,开放赎回,
2016-03-30,0.9020,2.8710,3.09%,开放申购,开放赎回,
2016-03-29,0.8750,2.8350,-2.13%,开放申购,开放赎回,
2016-03-28,0.8940,2.8610,-1.00%,开放申购,开放赎回,
2016-03-25,0.9030,2.8730,-0.11%,开放申购,开放赎回,
2016-03-24,0.9040,2.8740,-1.31%,开放申购,开放赎回,
2016-03-23,0.9160,2.8910,0.11%,开放申购,开放赎回,
2016-03-22,0.9150,2.8890,0.33%,开放申购,开放赎回,
2016-03-21,0.9120,2.8850,1.90%,开放申购,开放赎回,
2016-03-18,0.8950,2.8620,3.23%,开放申购,开放赎回,
2016-03-17,0.8670,2.8240,2.73%,开放申购,开放赎回,
2016-03-16,0.8440,2.7920,-0.59%,开放申购,开放赎回,
2016-03-15,0.8490,2.7990,-1.16%,开放申购,开放赎回,
2016-03-14,0.8590,2.8130,3.00%,开放申购,开放赎回,
2016-03-11,0.8340,2.7790,0.00%,开放申购,开放赎回,
2016-03-10,0.8340,2.7790,-1.07%,开放申购,开放赎回,
2016-03-09,0.8430,2.7910,-1.86%,开放申购,开放赎回,
2016-03-08,0.8590,2.8130,-0.12%,开放申购,开放赎回,
2016-03-07,0.8600,2.8140,1.30%,开放申购,开放赎回,
2016-03-04,0.8490,2.7990,-2.64%,开放申购,开放赎回,
2016-03-03,0.8720,2.8310,-0.11%,开放申购,开放赎回,
2016-03-02,0.8730,2.8320,3.19%,开放申购,开放赎回,
2016-03-01,0.8460,2.7950,2.05%,开放申购,开放赎回,
2016-02-29,0.8290,2.7720,-4.60%,开放申购,开放赎回,
2016-02-26,0.8690,2.8260,-0.91%,开放申购,开放赎回,
2016-02-25,0.8770,2.8370,-6.00%,开放申购,开放赎回,
2016-02-24,0.9330,2.9140,-1.17%,开放申购,开放赎回,
2016-02-23,0.9440,2.9290,-0.42%,开放申购,开放赎回,
2016-02-22,0.9480,2.9340,0.64%,开放申购,开放赎回,
2016-02-19,0.9420,2.9260,0.53%,开放申购,开放赎回,
2016-02-18,0.9370,2.9190,0.21%,开放申购,开放赎回,
2016-02-17,0.9350,2.9170,1.30%,开放申购,开放赎回,
2016-02-16,0.9230,2.9000,3.24%,开放申购,开放赎回,
2016-02-15,0.8940,2.8610,-0.11%,开放申购,开放赎回,
2016-02-05,0.8950,2.8620,-0.78%,开放申购,开放赎回,
2016-02-04,0.9020,2.8710,1.58%,开放申购,开放赎回,
2016-02-03,0.8880,2.8520,0.79%,开放申购,开放赎回,
2016-02-02,0.8810,2.8430,3.04%,开放申购,开放赎回,
2016-02-01,0.8550,2.8070,-0.93%,开放申购,开放赎回,
2016-01-29,0.8630,2.8180,2.62%,开放申购,开放赎回,
2016-01-28,0.8410,2.7880,-3.33%,开放申购,开放赎回,
2016-01-27,0.8700,2.8280,-1.25%,开放申购,开放赎回,
2016-01-26,0.8810,2.8430,-5.37%,开放申购,开放赎回,
2016-01-25,0.9310,2.9110,1.31%,开放申购,开放赎回,
2016-01-22,0.9190,2.8950,0.99%,开放申购,开放赎回,
2016-01-21,0.9100,2.8820,-3.70%,开放申购,开放赎回,
2016-01-20,0.9450,2.9300,-0.63%,开放申购,开放赎回,
2016-01-19,0.9510,2.9380,3.26%,开放申购,开放赎回,
2016-01-18,0.9210,2.8970,3.14%,开放申购,开放赎回,
2016-01-15,0.8930,2.8590,-1.65%,开放申购,开放赎回,
2016-01-14,0.9080,2.8800,4.13%,开放申购,开放赎回,
2016-01-13,0.8720,2.8310,-2.35%,开放申购,开放赎回,
2016-01-12,0.8930,2.8590,0.68%,开放申购,开放赎回,
2016-01-11,0.8870,2.8510,-6.53%,开放申购,开放赎回,
2016-01-08,0.9490,2.9360,-1.76%,开放申购,开放赎回,
2016-01-07,0.9660,2.9590,-7.91%,开放申购,开放赎回,
2016-01-06,1.0490,3.0720,2.04%,开放申购,开放赎回,
2016-01-05,1.0280,3.0430,-2.84%,开放申购,开放赎回,
2016-01-04,1.0580,3.0840,-6.29%,开放申购,开放赎回,
2015-12-31,1.1290,3.1810,2.64%,开放申购,开放赎回,
2015-12-30,1.1000,3.1420,0.37%,开放申购,开放赎回,
2015-12-29,1.0960,3.1360,0.46%,开放申购,开放赎回,
2015-12-28,1.0910,3.1290,-1.62%,开放申购,开放赎回,
2015-12-25,1.1090,3.1540,0.64%,开放申购,开放赎回,
2015-12-24,1.1020,3.1450,0.36%,开放申购,开放赎回,
2015-12-23,1.0980,3.1390,-0.18%,开放申购,开放赎回,
2015-12-22,1.1000,3.1420,1.20%,开放申购,开放赎回,
2015-12-21,1.0870,3.1240,0.74%,开放申购,开放赎回,
2015-12-18,1.0790,3.1130,-0.64%,开放申购,开放赎回,
2015-12-17,1.0860,3.1230,2.45%,开放申购,开放赎回,
2015-12-16,1.0600,3.0870,1.53%,开放申购,开放赎回,
2015-12-15,1.0440,3.0650,1.66%,开放申购,开放赎回,
2015-12-14,1.0270,3.0420,2.29%,开放申购,开放赎回,
2015-12-11,1.0040,3.0110,-0.79%,开放申购,开放赎回,
2015-12-10,1.0120,3.0220,0.60%,开放申购,开放赎回,
2015-12-09,1.0060,3.0130,0.30%,开放申购,开放赎回,
2015-12-08,1.0030,3.0090,-0.69%,开放申购,开放赎回,
2015-12-07,1.0100,3.0190,1.81%,开放申购,开放赎回,
2015-12-04,0.9920,2.9940,0.30%,开放申购,开放赎回,
2015-12-03,0.9890,2.9900,2.06%,开放申购,开放赎回,
2015-12-02,0.9690,2.9630,-2.22%,开放申购,开放赎回,
2015-12-01,0.9910,2.9930,-0.20%,开放申购,开放赎回,
2015-11-30,0.9930,2.9960,1.53%,开放申购,开放赎回,
2015-11-27,0.9780,2.9750,-5.51%,开放申购,开放赎回,
2015-11-26,1.0350,3.0530,-0.96%,开放申购,开放赎回,
2015-11-25,1.0450,3.0670,2.55%,开放申购,开放赎回,
2015-11-24,1.0190,3.0310,0.99%,开放申购,开放赎回,
2015-11-23,1.0090,3.0180,-1.08%,开放申购,开放赎回,
2015-11-20,1.0200,3.0330,1.39%,开放申购,开放赎回,
2015-11-19,1.0060,3.0130,2.97%,开放申购,开放赎回,
2015-11-18,0.9770,2.9740,-2.79%,开放申购,开放赎回,
2015-11-17,1.0050,3.0120,-0.89%,开放申购,开放赎回,
2015-11-16,1.0140,3.0240,1.50%,开放申购,开放赎回,
2015-11-13,0.9990,3.0040,-3.10%,开放申购,开放赎回,
2015-11-12,1.0310,3.0480,0.59%,开放申购,开放赎回,
2015-11-11,1.0250,3.0390,2.60%,开放申购,开放赎回,
2015-11-10,0.9990,3.0040,0.20%,开放申购,开放赎回,
2015-11-09,0.9970,3.0010,1.63%,开放申购,开放赎回,
2015-11-06,0.9810,2.9790,2.72%,开放申购,开放赎回,
2015-11-05,0.9550,2.9440,-0.52%,开放申购,开放赎回,
2015-11-04,0.9600,2.9510,4.69%,开放申购,开放赎回,
2015-11-03,0.9170,2.8920,-0.22%,开放申购,开放赎回,
2015-11-02,0.9190,2.8950,-1.82%,开放申购,开放赎回,
2015-10-30,0.9360,2.9180,0.54%,开放申购,开放赎回,
2015-10-29,0.9310,2.9110,1.75%,开放申购,开放赎回,
2015-10-28,0.9150,2.8890,-1.61%,开放申购,开放赎回,
2015-10-27,0.9300,2.9100,1.31%,开放申购,开放赎回,
2015-10-26,0.9180,2.8930,1.10%,开放申购,开放赎回,
2015-10-23,0.9080,2.8800,3.06%,开放申购,开放赎回,
2015-10-22,0.8810,2.8430,4.01%,开放申购,开放赎回,
2015-10-21,0.8470,2.7960,-6.41%,开放申购,开放赎回,
2015-10-20,0.9050,2.8760,2.26%,开放申购,开放赎回,
2015-10-19,0.8850,2.8480,-0.34%,开放申购,开放赎回,
2015-10-16,0.8880,2.8520,0.79%,开放申购,开放赎回,
2015-10-15,0.8810,2.8430,3.16%,开放申购,开放赎回,
2015-10-14,0.8540,2.8060,-0.70%,开放申购,开放赎回,
2015-10-13,0.8600,2.8140,1.78%,开放申购,开放赎回,
2015-10-12,0.8450,2.7940,5.10%,开放申购,开放赎回,
2015-10-09,0.8040,2.7380,1.13%,开放申购,开放赎回,
2015-10-08,0.7950,2.7250,4.06%,开放申购,开放赎回,
2015-09-30,0.7640,2.6830,-0.39%,开放申购,开放赎回,
2015-09-29,0.7670,2.6870,-0.78%,开放申购,开放赎回,
2015-09-28,0.7730,2.6950,3.07%,开放申购,开放赎回,
2015-09-25,0.7500,2.6640,-2.22%,开放申购,开放赎回,
2015-09-24,0.7670,2.6870,1.46%,开放申购,开放赎回,
2015-09-23,0.7560,2.6720,0.00%,开放申购,开放赎回,
2015-09-22,0.7560,2.6720,-0.13%,开放申购,开放赎回,
2015-09-21,0.7570,2.6730,3.84%,开放申购,开放赎回,
2015-09-18,0.7290,2.6350,2.24%,开放申购,开放赎回,
2015-09-17,0.7130,2.6130,-0.97%,开放申购,开放赎回,
2015-09-16,0.7200,2.6230,5.88%,开放申购,开放赎回,
2015-09-15,0.6800,2.5680,-4.49%,开放申购,开放赎回,
2015-09-14,0.7120,2.6120,-5.94%,开放申购,开放赎回,
2015-09-11,0.7570,2.6730,1.07%,开放申购,开放赎回,
2015-09-10,0.7490,2.6630,-1.58%,开放申购,开放赎回,
2015-09-09,0.7610,2.6790,3.40%,开放申购,开放赎回,
2015-09-08,0.7360,2.6450,2.22%,开放申购,开放赎回,
2015-09-07,0.7200,2.6230,0.14%,开放申购,开放赎回,
2015-09-02,0.7190,2.6220,-2.57%,开放申购,开放赎回,
2015-09-01,0.7380,2.6480,-4.65%,开放申购,开放赎回,
2015-08-31,0.7740,2.6970,-3.37%,开放申购,开放赎回,
2015-08-28,0.8010,2.7340,5.12%,开放申购,开放赎回,
2015-08-27,0.7620,2.6800,2.83%,开放申购,开放赎回,
2015-08-26,0.7410,2.6520,-3.52%,开放申购,开放赎回,
2015-08-25,0.7680,2.6890,-6.91%,开放申购,开放赎回,
2015-08-24,0.8250,2.7660,-7.61%,开放申购,开放赎回,
2015-08-21,0.8930,2.8590,-6.30%,开放申购,开放赎回,
2015-08-20,0.9530,2.9410,-3.54%,开放申购,开放赎回,
2015-08-19,0.9880,2.9890,2.28%,开放申购,开放赎回,
2015-08-18,0.9660,2.9590,-7.65%,开放申购,开放赎回,
2015-08-17,1.0460,3.0680,0.38%,开放申购,开放赎回,
2015-08-14,1.0420,3.0630,-0.10%,开放申购,开放赎回,
2015-08-13,1.0430,3.0640,1.96%,开放申购,开放赎回,
2015-08-12,1.0230,3.0370,-1.82%,开放申购,开放赎回,
2015-08-11,1.0420,3.0630,-0.10%,开放申购,开放赎回,
2015-08-10,1.0430,3.0640,5.35%,开放申购,开放赎回,
2015-08-07,0.9900,2.9920,4.65%,开放申购,开放赎回,
2015-08-06,0.9460,2.9320,-0.73%,开放申购,开放赎回,
2015-08-05,0.9530,2.9410,-1.35%,开放申购,开放赎回,
2015-08-04,0.9660,2.9590,5.57%,开放申购,开放赎回,
2015-08-03,0.9150,2.8890,-4.79%,开放申购,开放赎回,
2015-07-31,0.9610,2.9520,-2.63%,开放申购,开放赎回,
2015-07-30,0.9870,2.9880,-2.66%,开放申购,开放赎回,
2015-07-29,1.0140,3.0240,3.89%,开放申购,开放赎回,
2015-07-28,0.9760,2.9725,-4.26%,开放申购,开放赎回,
2015-07-27,1.0194,3.0317,-7.37%,开放申购,开放赎回,
2015-07-24,1.1005,3.1425,-1.56%,开放申购,开放赎回,
2015-07-23,1.1179,3.1662,2.99%,开放申购,开放赎回,
2015-07-22,1.0854,3.1218,0.69%,开放申购,开放赎回,
2015-07-21,1.0780,3.1117,1.68%,开放申购,开放赎回,
2015-07-20,1.0602,3.0874,2.02%,开放申购,开放赎回,
2015-07-17,1.0392,3.0588,3.97%,开放申购,开放赎回,
2015-07-16,0.9995,3.0046,-0.33%,开放申购,开放赎回,
2015-07-15,1.0028,3.0091,-4.21%,开放申购,开放赎回,
2015-07-14,1.0469,3.0693,2.45%,开放申购,开放赎回,
2015-07-13,1.0219,3.0352,6.35%,开放申购,开放赎回,
2015-07-10,0.9609,2.9519,4.00%,开放申购,开放赎回,
2015-07-09,0.9239,2.9014,2.77%,开放申购,开放赎回,
2015-07-08,0.8990,2.8674,-2.44%,开放申购,开放赎回,
2015-07-07,0.9215,2.8981,-5.24%,开放申购,开放赎回,
2015-07-06,0.9725,2.9677,-4.64%,开放申购,开放赎回,
2015-07-03,1.0198,3.0323,-5.19%,开放申购,开放赎回,
2015-07-02,1.0756,3.1085,-5.78%,开放申购,开放赎回,
2015-07-01,1.1416,3.1986,-5.39%,开放申购,开放赎回,
2015-06-30,1.2067,3.2875,4.86%,开放申购,开放赎回,
2015-06-29,1.1508,3.2111,-6.77%,开放申购,开放赎回,
2015-06-26,1.2344,3.3253,-7.58%,开放申购,开放赎回,
2015-06-25,1.3356,3.4634,-3.27%,开放申购,开放赎回,
2015-06-24,1.3807,3.5250,0.98%,开放申购,开放赎回,
2015-06-23,1.3673,3.5067,1.22%,开放申购,开放赎回,
2015-06-19,1.3508,3.4842,-4.57%,开放申购,开放赎回,
2015-06-18,1.4155,3.5725,-3.09%,开放申购,开放赎回,
2015-06-17,1.4606,3.6341,2.29%,开放申购,开放赎回,
2015-06-16,1.4279,3.5894,-4.40%,开放申购,开放赎回,
2015-06-15,1.4936,3.6791,-3.64%,开放申购,开放赎回,
2015-06-12,1.5500,3.7561,0.47%,开放申购,开放赎回,
2015-06-11,1.5428,3.7463,0.65%,开放申购,开放赎回,
2015-06-10,1.5329,3.7328,2.43%,开放申购,开放赎回,
2015-06-09,1.4965,3.6831,0.42%,开放申购,开放赎回,
2015-06-08,1.4902,3.6745,-2.63%,开放申购,开放赎回,
2015-06-05,1.5305,3.7295,-0.98%,开放申购,开放赎回,
2015-06-04,1.5456,3.7501,-0.67%,开放申购,开放赎回,
2015-06-03,1.5561,3.7645,1.04%,开放申购,开放赎回,
2015-06-02,1.5401,3.7426,3.69%,开放申购,开放赎回,
2015-06-01,1.4853,3.6678,3.64%,开放申购,开放赎回,
2015-05-29,1.4331,3.5965,1.46%,开放申购,开放赎回,
2015-05-28,1.4125,3.5684,-4.59%,开放申购,开放赎回,
2015-05-27,1.4805,3.6613,0.99%,开放申购,开放赎回,
2015-05-26,1.4660,3.6415,3.72%,开放申购,开放赎回,
2015-05-25,1.4134,3.5697,0.31%,开放申购,开放赎回,
2015-05-22,1.4090,3.5636,0.74%,开放申购,开放赎回,
2015-05-21,1.3987,3.5496,1.98%,开放申购,开放赎回,
2015-05-20,1.3716,3.5126,2.18%,开放申购,开放赎回,
2015-05-19,1.3424,3.4727,1.08%,开放申购,开放赎回,
2015-05-18,1.3280,3.4531,3.01%,开放申购,开放赎回,
2015-05-15,1.2892,3.4001,1.05%,开放申购,开放赎回,
2015-05-14,1.2758,3.3818,0.32%,开放申购,开放赎回,
2015-05-13,1.2717,3.3762,-0.09%,开放申购,开放赎回,
2015-05-12,1.2728,3.3777,2.60%,开放申购,开放赎回,
2015-05-11,1.2405,3.3336,4.09%,开放申购,开放赎回,
2015-05-08,1.1918,3.2671,3.96%,开放申购,开放赎回,
2015-05-07,1.1464,3.2051,-0.89%,开放申购,开放赎回,
2015-05-06,1.1567,3.2192,0.35%,开放申购,开放赎回,
2015-05-05,1.1527,3.2137,-1.90%,开放申购,开放赎回,
2015-05-04,1.1750,3.2442,-1.29%,开放申购,开放赎回,
2015-04-30,1.1903,3.2651,1.35%,开放申购,开放赎回,
2015-04-29,1.1745,3.2435,2.68%,开放申购,开放赎回,
2015-04-28,1.1439,3.2017,-0.44%,开放申购,开放赎回,
2015-04-27,1.1490,3.2087,1.18%,开放申购,开放赎回,
2015-04-24,1.1356,3.1904,1.30%,开放申购,开放赎回,
2015-04-23,1.1210,3.1705,0.83%,开放申购,开放赎回,
2015-04-22,1.1118,3.1579,2.53%,开放申购,开放赎回,
2015-04-21,1.0844,3.1205,3.03%,开放申购,开放赎回,
2015-04-20,1.0525,3.0769,-1.46%,开放申购,开放赎回,
2015-04-17,1.0681,3.0982,0.75%,开放申购,开放赎回,
2015-04-16,1.0602,3.0874,1.13%,开放申购,开放赎回,
2015-04-15,1.0484,3.0713,-2.88%,开放申购,开放赎回,
2015-04-14,1.0795,3.1138,-0.62%,开放申购,开放赎回,
2015-04-13,1.0862,3.1229,1.00%,开放申购,开放赎回,
2015-04-10,1.0754,3.1082,1.71%,开放申购,开放赎回,
2015-04-09,1.0573,3.0835,-0.99%,开放申购,开放赎回,
2015-04-08,1.0679,3.0980,-0.75%,开放申购,开放赎回,
2015-04-07,1.0760,3.1090,1.56%,开放申购,开放赎回,
2015-04-03,1.0595,3.0865,1.54%,开放申购,开放赎回,
2015-04-02,1.0434,3.0645,0.75%,开放申购,开放赎回,
2015-04-01,1.0356,3.0539,2.05%,开放申购,开放赎回,
2015-03-31,1.0148,3.0255,0.82%,开放申购,开放赎回,
2015-03-30,1.0065,3.0141,-0.15%,开放申购,开放赎回,
2015-03-27,1.0080,3.0162,1.63%,开放申购,开放赎回,
2015-03-26,0.9918,2.9941,-0.84%,开放申购,开放赎回,
2015-03-25,1.0002,3.0055,1.78%,开放申购,开放赎回,
2015-03-24,0.9827,2.9816,0.21%,开放申购,开放赎回,
2015-03-23,0.9806,2.9788,1.43%,开放申购,开放赎回,
2015-03-20,0.9668,2.9599,0.87%,开放申购,开放赎回,
2015-03-19,0.9585,2.9486,1.19%,开放申购,开放赎回,
2015-03-18,0.9472,2.9332,1.44%,开放申购,开放赎回,
2015-03-17,0.9338,2.9149,0.68%,开放申购,开放赎回,
2015-03-16,0.9275,2.9063,2.98%,开放申购,开放赎回,
2015-03-13,0.9007,2.8697,0.78%,开放申购,开放赎回,
2015-03-12,0.8937,2.8601,-0.07%,开放申购,开放赎回,
2015-03-11,0.8943,2.8609,-0.33%,开放申购,开放赎回,
2015-03-10,0.8973,2.8650,0.87%,开放申购,开放赎回,
2015-03-09,0.8896,2.8545,0.95%,开放申购,开放赎回,
2015-03-06,0.8812,2.8431,-1.67%,开放申购,开放赎回,
2015-03-05,0.8962,2.8635,-0.22%,开放申购,开放赎回,
2015-03-04,0.8982,2.8663,1.02%,开放申购,开放赎回,
2015-03-03,0.8891,2.8538,-0.92%,开放申购,开放赎回,
2015-03-02,0.8974,2.8652,1.21%,开放申购,开放赎回,
2015-02-27,0.8867,2.8506,0.83%,开放申购,开放赎回,
2015-02-26,0.8794,2.8406,0.53%,开放申购,开放赎回,
2015-02-25,0.8748,2.8343,-0.60%,开放申购,开放赎回,
2015-02-17,0.8801,2.8416,1.10%,开放申购,开放赎回,
2015-02-16,0.8705,2.8285,1.72%,开放申购,开放赎回,
2015-02-13,0.8558,2.8084,1.04%,开放申购,开放赎回,
2015-02-12,0.8470,2.7964,0.34%,开放申购,开放赎回,
2015-02-11,0.8441,2.7924,1.13%,开放申购,开放赎回,
2015-02-10,0.8347,2.7796,0.68%,开放申购,开放赎回,
2015-02-09,0.8291,2.7719,-0.54%,开放申购,开放赎回,
2015-02-06,0.8336,2.7781,-1.34%,开放申购,开放赎回,
2015-02-05,0.8449,2.7935,-0.41%,开放申购,开放赎回,
2015-02-04,0.8484,2.7983,-0.29%,开放申购,开放赎回,
2015-02-03,0.8509,2.8017,2.03%,开放申购,开放赎回,
2015-02-02,0.8340,2.7786,-0.79%,开放申购,开放赎回,
2015-01-30,0.8406,2.7876,-1.62%,开放申购,开放赎回,
2015-01-29,0.8544,2.8065,-0.37%,开放申购,开放赎回,
2015-01-28,0.8576,2.8108,-0.39%,开放申购,开放赎回,
2015-01-27,0.8610,2.8155,0.91%,开放申购,开放赎回,
2015-01-26,0.8532,2.8048,1.35%,开放申购,开放赎回,
2015-01-23,0.8418,2.7893,-1.32%,开放申购,开放赎回,
2015-01-22,0.8531,2.8047,0.06%,开放申购,开放赎回,
2015-01-21,0.8526,2.8040,2.24%,开放申购,开放赎回,
2015-01-20,0.8339,2.7785,1.84%,开放申购,开放赎回,
2015-01-19,0.8188,2.7579,-4.02%,开放申购,开放赎回,
2015-01-16,0.8531,2.8047,1.48%,开放申购,开放赎回,
2015-01-15,0.8407,2.7878,1.69%,开放申购,开放赎回,
2015-01-14,0.8267,2.7687,-0.60%,开放申购,开放赎回,
2015-01-13,0.8317,2.7755,1.01%,开放申购,开放赎回,
2015-01-12,0.8234,2.7642,0.33%,开放申购,开放赎回,
2015-01-09,0.8207,2.7605,0.44%,开放申购,开放赎回,
2015-01-08,0.8171,2.7556,-1.15%,开放申购,开放赎回,
2015-01-07,0.8266,2.7685,-0.72%,开放申购,开放赎回,
2015-01-06,0.8326,2.7767,-0.14%,开放申购,开放赎回,
2015-01-05,0.8338,2.7784,-0.62%,开放申购,开放赎回,
2014-12-31,0.8390,2.7855,1.56%,开放申购,开放赎回,
2014-12-30,0.8261,2.7678,-0.78%,开放申购,开放赎回,
2014-12-29,0.8326,2.7767,-0.32%,开放申购,开放赎回,
2014-12-26,0.8353,2.7804,1.11%,开放申购,开放赎回,
2014-12-25,0.8261,2.7678,1.69%,开放申购,开放赎回,
2014-12-24,0.8124,2.7491,-0.22%,开放申购,开放赎回,
2014-12-23,0.8142,2.7516,-0.80%,开放申购,开放赎回,
2014-12-22,0.8208,2.7606,-1.81%,开放申购,开放赎回,
2014-12-19,0.8359,2.7812,-0.81%,开放申购,开放赎回,
2014-12-18,0.8427,2.7905,-0.25%,开放申购,开放赎回,
2014-12-17,0.8448,2.7934,-0.64%,开放申购,开放赎回,
2014-12-16,0.8502,2.8007,0.90%,开放申购,开放赎回,
2014-12-15,0.8426,2.7904,1.73%,开放申购,开放赎回,
2014-12-12,0.8283,2.7708,1.54%,开放申购,开放赎回,
2014-12-11,0.8157,2.7536,0.53%,开放申购,开放赎回,
2014-12-10,0.8114,2.7478,2.70%,开放申购,开放赎回,
2014-12-09,0.7901,2.7187,-4.45%,开放申购,开放赎回,
2014-12-08,0.8269,2.7689,0.32%,限制大额申购,开放赎回,
2014-12-05,0.8243,2.7654,-0.46%,限制大额申购,开放赎回,
2014-12-04,0.8281,2.7706,2.39%,限制大额申购,开放赎回,
2014-12-03,0.8088,2.7442,0.94%,限制大额申购,开放赎回,
2014-12-02,0.8013,2.7340,1.11%,限制大额申购,开放赎回,
2014-12-01,0.7925,2.7220,-1.85%,限制大额申购,开放赎回,
2014-11-28,0.8074,2.7423,0.34%,限制大额申购,开放赎回,
2014-11-27,0.8047,2.7386,0.07%,限制大额申购,开放赎回,
2014-11-26,0.8041,2.7378,1.64%,限制大额申购,开放赎回,
2014-11-25,0.7911,2.7201,1.81%,限制大额申购,开放赎回,
2014-11-24,0.7770,2.7008,0.73%,限制大额申购,开放赎回,
2014-11-21,0.7714,2.6932,0.53%,限制大额申购,开放赎回,
2014-11-20,0.7673,2.6876,0.76%,限制大额申购,开放赎回,
2014-11-19,0.7615,2.6796,0.55%,限制大额申购,开放赎回,
2014-11-18,0.7573,2.6739,0.09%,限制大额申购,开放赎回,
2014-11-17,0.7566,2.6730,0.84%,限制大额申购,开放赎回,
2014-11-14,0.7503,2.6644,0.55%,限制大额申购,开放赎回,
2014-11-13,0.7462,2.6588,-0.89%,限制大额申购,开放赎回,
2014-11-12,0.7529,2.6679,1.25%,限制大额申购,开放赎回,
2014-11-11,0.7436,2.6552,-2.53%,限制大额申购,开放赎回,
2014-11-10,0.7629,2.6816,0.86%,限制大额申购,开放赎回,
2014-11-07,0.7564,2.6727,-0.55%,限制大额申购,开放赎回,
2014-11-06,0.7606,2.6784,0.45%,限制大额申购,开放赎回,
2014-11-05,0.7572,2.6738,-0.16%,限制大额申购,开放赎回,
2014-11-04,0.7584,2.6754,0.09%,限制大额申购,开放赎回,
2014-11-03,0.7577,2.6745,0.64%,限制大额申购,开放赎回,
2014-10-31,0.7529,2.6679,-0.17%,限制大额申购,开放赎回,
2014-10-30,0.7542,2.6697,-0.29%,限制大额申购,开放赎回,
2014-10-29,0.7564,2.6727,1.58%,限制大额申购,开放赎回,
2014-10-28,0.7446,2.6566,2.65%,限制大额申购,开放赎回,
2014-10-27,0.7254,2.6304,0.35%,限制大额申购,开放赎回,
2014-10-24,0.7229,2.6269,-0.47%,开放申购,开放赎回,
2014-10-23,0.7263,2.6316,-0.72%,开放申购,开放赎回,
2014-10-22,0.7316,2.6388,-0.56%,开放申购,开放赎回,
2014-10-21,0.7357,2.6444,-1.05%,开放申购,开放赎回,
2014-10-20,0.7435,2.6551,0.57%,开放申购,开放赎回,
2014-10-17,0.7393,2.6493,-0.55%,开放申购,开放赎回,
2014-10-16,0.7434,2.6549,0.07%,开放申购,开放赎回,
2014-10-15,0.7429,2.6542,0.12%,开放申购,开放赎回,
2014-10-14,0.7420,2.6530,-0.32%,开放申购,开放赎回,
2014-10-13,0.7444,2.6563,-0.12%,开放申购,开放赎回,
2014-10-10,0.7453,2.6575,-0.94%,开放申购,开放赎回,
2014-10-09,0.7524,2.6672,0.91%,开放申购,开放赎回,
2014-10-08,0.7456,2.6579,0.99%,开放申购,开放赎回,
2014-09-30,0.7383,2.6480,0.90%,开放申购,开放赎回,
2014-09-29,0.7317,2.6390,0.85%,开放申购,开放赎回,
2014-09-26,0.7255,2.6305,0.42%,开放申购,开放赎回,
2014-09-25,0.7225,2.6264,0.00%,开放申购,开放赎回,
2014-09-24,0.7225,2.6264,1.32%,开放申购,开放赎回,
2014-09-23,0.7131,2.6136,0.85%,开放申购,开放赎回,
2014-09-22,0.7071,2.6054,-1.48%,开放申购,开放赎回,
2014-09-19,0.7177,2.6198,0.42%,开放申购,开放赎回,
2014-09-18,0.7147,2.6157,1.33%,开放申购,开放赎回,
2014-09-17,0.7053,2.6029,0.06%,开放申购,开放赎回,
2014-09-16,0.7049,2.6024,-2.95%,开放申购,开放赎回,
2014-09-15,0.7263,2.6316,0.08%,开放申购,开放赎回,
2014-09-12,0.7257,2.6308,1.00%,开放申购,开放赎回,
2014-09-11,0.7185,2.6209,-0.37%,开放申购,开放赎回,
2014-09-10,0.7212,2.6246,0.14%,开放申购,开放赎回,
2014-09-09,0.7202,2.6233,0.33%,开放申购,开放赎回,
2014-09-05,0.7178,2.6200,0.41%,开放申购,开放赎回,
2014-09-04,0.7149,2.6160,0.15%,开放申购,开放赎回,
2014-09-03,0.7138,2.6145,0.41%,开放申购,开放赎回,
2014-09-02,0.7109,2.6106,0.84%,开放申购,开放赎回,
2014-09-01,0.7050,2.6025,1.13%,开放申购,开放赎回,
2014-08-29,0.6971,2.5917,0.72%,开放申购,开放赎回,
2014-08-28,0.6921,2.5849,0.09%,开放申购,开放赎回,
2014-08-27,0.6915,2.5841,0.28%,开放申购,开放赎回,
2014-08-26,0.6896,2.5815,-1.16%,开放申购,开放赎回,
2014-08-25,0.6977,2.5925,-0.53%,开放申购,开放赎回,
2014-08-22,0.7014,2.5976,0.57%,开放申购,开放赎回,
2014-08-21,0.6974,2.5921,-0.01%,开放申购,开放赎回,
2014-08-20,0.6975,2.5923,-0.47%,开放申购,开放赎回,
2014-08-19,0.7008,2.5968,0.62%,开放申购,开放赎回,
2014-08-18,0.6965,2.5909,1.35%,开放申购,开放赎回,
2014-08-15,0.6872,2.5782,0.72%,开放申购,开放赎回,
2014-08-14,0.6823,2.5715,0.28%,开放申购,开放赎回,
2014-08-13,0.6804,2.5689,0.28%,开放申购,开放赎回,
2014-08-12,0.6785,2.5663,-0.04%,开放申购,开放赎回,
2014-08-11,0.6788,2.5667,1.15%,开放申购,开放赎回,
2014-08-08,0.6711,2.5562,0.25%,开放申购,开放赎回,
2014-08-07,0.6694,2.5539,-0.52%,开放申购,开放赎回,
2014-08-06,0.6729,2.5587,0.33%,开放申购,开放赎回,
2014-08-05,0.6707,2.5557,-0.28%,开放申购,开放赎回,
2014-08-04,0.6726,2.5583,1.79%,开放申购,开放赎回,
2014-08-01,0.6608,2.5422,-0.53%,开放申购,开放赎回,
2014-07-31,0.6643,2.5469,0.58%,开放申购,开放赎回,
2014-07-30,0.6605,2.5418,0.66%,开放申购,开放赎回,
2014-07-29,0.6562,2.5359,0.55%,开放申购,开放赎回,
2014-07-28,0.6526,2.5310,1.91%,开放申购,开放赎回,
2014-07-25,0.6404,2.5143,0.71%,开放申购,开放赎回,
2014-07-24,0.6359,2.5082,0.13%,开放申购,开放赎回,
2014-07-23,0.6351,2.5071,-0.39%,开放申购,开放赎回,
2014-07-22,0.6376,2.5105,0.85%,开放申购,开放赎回,
2014-07-21,0.6322,2.5031,-0.30%,开放申购,开放赎回,
2014-07-18,0.6341,2.5057,-0.05%,开放申购,开放赎回,
2014-07-17,0.6344,2.5061,-0.49%,开放申购,开放赎回,
2014-07-16,0.6375,2.5104,-1.02%,开放申购,开放赎回,
2014-07-15,0.6441,2.5194,-0.63%,开放申购,开放赎回,
2014-07-14,0.6482,2.5250,1.22%,开放申购,开放赎回,
2014-07-11,0.6404,2.5143,0.33%,开放申购,开放赎回,
2014-07-10,0.6383,2.5114,-0.62%,开放申购,开放赎回,
2014-07-09,0.6423,2.5169,-0.97%,开放申购,开放赎回,
2014-07-08,0.6486,2.5255,0.87%,开放申购,开放赎回,
2014-07-07,0.6430,2.5179,0.31%,开放申购,开放赎回,
2014-07-04,0.6410,2.5151,0.33%,开放申购,开放赎回,
2014-07-03,0.6389,2.5123,0.35%,开放申购,开放赎回,
2014-07-02,0.6367,2.5093,1.00%,开放申购,开放赎回,
2014-07-01,0.6304,2.5007,0.57%,开放申购,开放赎回,
2014-06-30,0.6268,2.4957,0.72%,开放申购,开放赎回,
2014-06-27,0.6223,2.4896,0.50%,开放申购,开放赎回,
2014-06-26,0.6192,2.4854,1.49%,开放申购,开放赎回,
2014-06-25,0.6101,2.4729,-0.42%,开放申购,开放赎回,
2014-06-24,0.6127,2.4765,0.54%,开放申购,开放赎回,
2014-06-23,0.6094,2.4720,1.09%,开放申购,开放赎回,
2014-06-20,0.6028,2.4630,0.79%,开放申购,开放赎回,
2014-06-19,0.5981,2.4566,-1.82%,开放申购,开放赎回,
2014-06-18,0.6092,2.4717,-0.80%,开放申购,开放赎回,
2014-06-17,0.6141,2.4784,-1.05%,开放申购,开放赎回,
2014-06-16,0.6206,2.4873,1.09%,开放申购,开放赎回,
2014-06-13,0.6139,2.4781,1.19%,开放申购,开放赎回,
2014-06-12,0.6067,2.4683,0.15%,开放申购,开放赎回,
2014-06-11,0.6058,2.4671,1.05%,开放申购,开放赎回,
2014-06-10,0.5995,2.4585,0.93%,开放申购,开放赎回,
2014-06-09,0.5940,2.4510,-0.65%,开放申购,开放赎回,
2014-06-06,0.5979,2.4563,0.64%,开放申购,开放赎回,
2014-06-05,0.5941,2.4511,0.78%,开放申购,开放赎回,
2014-06-04,0.5895,2.4448,-0.71%,开放申购,开放赎回,
2014-06-03,0.5937,2.4506,0.25%,开放申购,开放赎回,
2014-05-30,0.5922,2.4485,-0.08%,开放申购,开放赎回,
2014-05-29,0.5927,2.4492,-1.10%,开放申购,开放赎回,
2014-05-28,0.5993,2.4582,1.06%,开放申购,开放赎回,
2014-05-27,0.5930,2.4496,-0.74%,开放申购,开放赎回,
2014-05-26,0.5974,2.4556,1.39%,开放申购,开放赎回,
2014-05-23,0.5892,2.4444,1.34%,开放申购,开放赎回,
2014-05-22,0.5814,2.4338,0.16%,开放申购,开放赎回,
2014-05-21,0.5805,2.4325,0.57%,开放申购,开放赎回,
2014-05-20,0.5772,2.4280,0.40%,开放申购,开放赎回,
2014-05-19,0.5749,2.4249,-0.78%,开放申购,开放赎回,
2014-05-16,0.5794,2.4310,-0.16%,开放申购,开放赎回,
2014-05-15,0.5803,2.4323,-1.49%,开放申购,开放赎回,
2014-05-14,0.5891,2.4443,0.08%,开放申购,开放赎回,
2014-05-13,0.5886,2.4436,0.00%,开放申购,开放赎回,
2014-05-12,0.5886,2.4436,1.61%,开放申购,开放赎回,
2014-05-09,0.5793,2.4309,-0.63%,开放申购,开放赎回,
2014-05-08,0.5830,2.4359,-0.14%,开放申购,开放赎回,
2014-05-07,0.5838,2.4370,-1.47%,开放申购,开放赎回,
2014-05-06,0.5925,2.4489,0.92%,开放申购,开放赎回,
2014-05-05,0.5871,2.4415,0.95%,开放申购,开放赎回,
2014-04-30,0.5816,2.4340,0.66%,开放申购,开放赎回,
2014-04-29,0.5778,2.4288,0.84%,开放申购,开放赎回,
2014-04-28,0.5730,2.4223,-2.63%,开放申购,开放赎回,
2014-04-25,0.5885,2.4435,-1.16%,开放申购,开放赎回,
2014-04-24,0.5954,2.4529,-0.52%,开放申购,开放赎回,
2014-04-23,0.5985,2.4571,-0.12%,开放申购,开放赎回,
2014-04-22,0.5992,2.4581,-0.43%,开放申购,开放赎回,
2014-04-21,0.6018,2.4616,-1.10%,开放申购,开放赎回,
2014-04-18,0.6085,2.4708,0.12%,开放申购,开放赎回,
2014-04-17,0.6078,2.4698,-0.12%,开放申购,开放赎回,
2014-04-16,0.6085,2.4708,-0.21%,开放申购,开放赎回,
2014-04-15,0.6098,2.4725,-0.70%,开放申购,开放赎回,
2014-04-14,0.6141,2.4784,0.61%,开放申购,开放赎回,
2014-04-11,0.6104,2.4734,-0.75%,开放申购,开放赎回,
2014-04-10,0.6150,2.4796,0.54%,开放申购,开放赎回,
2014-04-09,0.6117,2.4751,1.38%,开放申购,开放赎回,
2014-04-08,0.6034,2.4638,0.57%,开放申购,开放赎回,
2014-04-04,0.6000,2.4592,0.89%,开放申购,开放赎回,
2014-04-03,0.5947,2.4519,-0.70%,开放申购,开放赎回,
2014-04-02,0.5989,2.4577,-1.42%,开放申购,开放赎回,
2014-04-01,0.6075,2.4694,1.47%,开放申购,开放赎回,
2014-03-31,0.5987,2.4574,-0.32%,开放申购,开放赎回,
2014-03-28,0.6006,2.4600,-2.93%,开放申购,开放赎回,
2014-03-27,0.6187,2.4847,-1.47%,开放申购,开放赎回,
2014-03-26,0.6279,2.4972,0.19%,开放申购,开放赎回,
2014-03-25,0.6267,2.4956,-0.06%,开放申购,开放赎回,
2014-03-24,0.6271,2.4962,0.03%,开放申购,开放赎回,
2014-03-21,0.6269,2.4959,0.89%,开放申购,开放赎回,
2014-03-20,0.6214,2.4884,-2.45%,开放申购,开放赎回,
2014-03-19,0.6370,2.5097,-0.03%,开放申购,开放赎回,
2014-03-18,0.6372,2.5099,0.87%,开放申购,开放赎回,
2014-03-17,0.6317,2.5024,2.57%,开放申购,开放赎回,
2014-03-14,0.6159,2.4809,-0.19%,开放申购,开放赎回,
2014-03-13,0.6171,2.4825,0.75%,开放申购,开放赎回,
2014-03-12,0.6125,2.4762,-0.63%,开放申购,开放赎回,
2014-03-11,0.6164,2.4815,-0.53%,开放申购,开放赎回,
2014-03-10,0.6197,2.4860,-2.33%,开放申购,开放赎回,
2014-03-07,0.6345,2.5063,-0.38%,开放申购,开放赎回,
2014-03-06,0.6369,2.5095,-0.22%,开放申购,开放赎回,
2014-03-05,0.6383,2.5114,-0.03%,开放申购,开放赎回,
2014-03-04,0.6385,2.5117,-0.02%,开放申购,开放赎回,
2014-03-03,0.6386,2.5119,1.56%,开放申购,开放赎回,
2014-02-28,0.6288,2.4985,1.47%,开放申购,开放赎回,
2014-02-27,0.6197,2.4860,-0.59%,开放申购,开放赎回,
2014-02-26,0.6234,2.4911,1.53%,开放申购,开放赎回,
2014-02-25,0.6140,2.4783,-2.59%,开放申购,开放赎回,
2014-02-24,0.6303,2.5005,1.29%,开放申购,开放赎回,
2014-02-21,0.6223,2.4896,-0.56%,开放申购,开放赎回,
2014-02-20,0.6258,2.4944,-1.36%,开放申购,开放赎回,
2014-02-19,0.6344,2.5061,0.03%,开放申购,开放赎回,
2014-02-18,0.6342,2.5058,0.52%,开放申购,开放赎回,
2014-02-17,0.6309,2.5013,1.19%,开放申购,开放赎回,
2014-02-14,0.6235,2.4912,0.89%,开放申购,开放赎回,
2014-02-13,0.6180,2.4837,-1.44%,开放申购,开放赎回,
2014-02-12,0.6270,2.4960,1.10%,开放申购,开放赎回,
2014-02-11,0.6202,2.4867,0.39%,开放申购,开放赎回,
2014-02-10,0.6178,2.4835,2.12%,开放申购,开放赎回,
2014-02-07,0.6050,2.4660,2.11%,开放申购,开放赎回,
2014-01-30,0.5925,2.4489,0.22%,开放申购,开放赎回,
2014-01-29,0.5912,2.4471,1.04%,开放申购,开放赎回,
2014-01-28,0.5851,2.4388,0.33%,开放申购,开放赎回,
2014-01-27,0.5832,2.4362,0.52%,开放申购,开放赎回,
2014-01-24,0.5802,2.4321,1.35%,开放申购,开放赎回,
2014-01-23,0.5725,2.4216,1.87%,开放申购,开放赎回,
2014-01-22,0.5620,2.4073,2.27%,开放申购,开放赎回,
2014-01-21,0.5495,2.3902,0.73%,开放申购,开放赎回,
2014-01-20,0.5455,2.3847,-0.42%,开放申购,开放赎回,
2014-01-17,0.5478,2.3879,-0.85%,开放申购,开放赎回,
2014-01-16,0.5525,2.3943,-0.31%,开放申购,开放赎回,
2014-01-15,0.5542,2.3966,0.67%,开放申购,开放赎回,
2014-01-14,0.5505,2.3916,1.47%,开放申购,开放赎回,
2014-01-13,0.5425,2.3807,-0.17%,开放申购,开放赎回,
2014-01-10,0.5434,2.3819,-1.29%,开放申购,开放赎回,
2014-01-09,0.5505,2.3916,-0.63%,开放申购,开放赎回,
2014-01-08,0.5540,2.3964,1.11%,开放申购,开放赎回,
2014-01-07,0.5479,2.3880,0.72%,开放申购,开放赎回,
2014-01-06,0.5440,2.3827,-1.34%,开放申购,开放赎回,
2014-01-03,0.5514,2.3928,0.53%,开放申购,开放赎回,
2014-01-02,0.5485,2.3888,0.61%,开放申购,开放赎回,
2013-12-31,0.5452,2.3843,0.22%,开放申购,开放赎回,
2013-12-30,0.5440,2.3827,0.83%,开放申购,开放赎回,
2013-12-27,0.5395,2.3766,1.05%,开放申购,开放赎回,
2013-12-26,0.5339,2.3689,-0.28%,开放申购,开放赎回,
2013-12-25,0.5354,2.3710,1.08%,开放申购,开放赎回,
2013-12-24,0.5297,2.3632,1.01%,开放申购,开放赎回,
2013-12-23,0.5244,2.3559,0.58%,开放申购,开放赎回,
2013-12-20,0.5214,2.3518,-0.31%,开放申购,开放赎回,
2013-12-19,0.5230,2.3540,-0.68%,开放申购,开放赎回,
2013-12-18,0.5266,2.3589,-0.11%,开放申购,开放赎回,
2013-12-17,0.5272,2.3598,-0.83%,开放申购,开放赎回,
2013-12-16,0.5316,2.3658,-1.19%,开放申购,开放赎回,
2013-12-13,0.5380,2.3745,0.19%,开放申购,开放赎回,
2013-12-12,0.5370,2.3731,0.77%,开放申购,开放赎回,
2013-12-11,0.5329,2.3675,-0.15%,开放申购,开放赎回,
2013-12-10,0.5337,2.3686,-0.47%,开放申购,开放赎回,
2013-12-09,0.5362,2.3721,1.17%,开放申购,开放赎回,
2013-12-06,0.5300,2.3636,-0.38%,开放申购,开放赎回,
2013-12-05,0.5320,2.3663,-0.49%,开放申购,开放赎回,
2013-12-04,0.5346,2.3699,0.73%,开放申购,开放赎回,
2013-12-03,0.5307,2.3645,1.09%,开放申购,开放赎回,
2013-12-02,0.5250,2.3568,-4.75%,开放申购,开放赎回,
2013-11-29,0.5512,2.3925,1.01%,开放申购,开放赎回,
2013-11-28,0.5457,2.3850,0.53%,开放申购,开放赎回,
2013-11-27,0.5428,2.3811,0.56%,开放申购,开放赎回,
2013-11-26,0.5398,2.3770,0.54%,开放申购,开放赎回,
2013-11-25,0.5369,2.3730,-0.02%,开放申购,开放赎回,
2013-11-22,0.5370,2.3731,-0.22%,开放申购,开放赎回,
2013-11-21,0.5382,2.3748,-0.41%,开放申购,开放赎回,
2013-11-20,0.5404,2.3778,0.58%,开放申购,开放赎回,
2013-11-19,0.5373,2.3736,0.86%,开放申购,开放赎回,
2013-11-18,0.5327,2.3673,1.60%,开放申购,开放赎回,
2013-11-15,0.5243,2.3558,1.14%,开放申购,开放赎回,
2013-11-14,0.5184,2.3477,1.15%,开放申购,开放赎回,
2013-11-13,0.5125,2.3397,-1.31%,开放申购,开放赎回,
2013-11-12,0.5193,2.3490,0.72%,开放申购,开放赎回,
2013-11-11,0.5156,2.3439,0.76%,开放申购,开放赎回,
2013-11-08,0.5117,2.3386,-0.95%,开放申购,开放赎回,
2013-11-07,0.5166,2.3453,-1.19%,开放申购,开放赎回,
2013-11-06,0.5228,2.3538,-0.31%,开放申购,开放赎回,
2013-11-05,0.5244,2.3559,1.04%,开放申购,开放赎回,
2013-11-04,0.5190,2.3486,0.35%,开放申购,开放赎回,
2013-11-01,0.5172,2.3461,-0.79%,开放申购,开放赎回,
2013-10-31,0.5213,2.3517,-0.93%,开放申购,开放赎回,
2013-10-30,0.5262,2.3584,1.60%,开放申购,开放赎回,
2013-10-29,0.5179,2.3471,-1.58%,开放申购,开放赎回,
2013-10-28,0.5262,2.3584,0.00%,开放申购,开放赎回,
2013-10-25,0.5262,2.3584,-1.24%,开放申购,开放赎回,
2013-10-24,0.5328,2.3674,-0.75%,开放申购,开放赎回,
2013-10-23,0.5368,2.3729,-1.77%,开放申购,开放赎回,
2013-10-22,0.5465,2.3861,-0.33%,开放申购,开放赎回,
2013-10-21,0.5483,2.3886,2.35%,开放申购,开放赎回,
2013-10-18,0.5357,2.3714,0.37%,开放申购,开放赎回,
2013-10-17,0.5337,2.3686,-0.48%,开放申购,开放赎回,
2013-10-16,0.5363,2.3722,-1.29%,开放申购,开放赎回,
2013-10-15,0.5433,2.3817,-0.29%,开放申购,开放赎回,
2013-10-14,0.5449,2.3839,0.96%,开放申购,开放赎回,
2013-10-11,0.5397,2.3768,1.14%,开放申购,开放赎回,
2013-10-10,0.5336,2.3685,-0.91%,开放申购,开放赎回,
2013-10-09,0.5385,2.3752,1.11%,开放申购,开放赎回,
2013-10-08,0.5326,2.3671,1.35%,开放申购,开放赎回,
2013-09-30,0.5255,2.3574,1.02%,开放申购,开放赎回,
2013-09-27,0.5202,2.3502,0.06%,开放申购,开放赎回,
2013-09-26,0.5199,2.3498,-0.78%,开放申购,开放赎回,
2013-09-25,0.5240,2.3554,-0.55%,开放申购,开放赎回,
2013-09-24,0.5269,2.3594,0.02%,开放申购,开放赎回,
2013-09-23,0.5268,2.3592,1.48%,开放申购,开放赎回,
2013-09-18,0.5191,2.3487,0.52%,开放申购,开放赎回,
2013-09-17,0.5164,2.3450,-1.09%,开放申购,开放赎回,
2013-09-16,0.5221,2.3528,0.91%,开放申购,开放赎回,
2013-09-13,0.5174,2.3464,1.63%,开放申购,开放赎回,
2013-09-12,0.5091,2.3351,0.26%,开放申购,开放赎回,
2013-09-11,0.5078,2.3333,-0.37%,开放申购,开放赎回,
2013-09-10,0.5097,2.3359,0.30%,开放申购,开放赎回,
2013-09-09,0.5082,2.3338,0.22%,开放申购,开放赎回,
2013-09-06,0.5071,2.3323,0.14%,开放申购,开放赎回,
2013-09-05,0.5064,2.3314,-0.16%,开放申购,开放赎回,
2013-09-04,0.5072,2.3325,0.18%,开放申购,开放赎回,
2013-09-03,0.5063,2.3312,1.38%,开放申购,开放赎回,
2013-09-02,0.4994,2.3218,0.44%,开放申购,开放赎回,
2013-08-30,0.4972,2.3188,-0.94%,开放申购,开放赎回,
2013-08-29,0.5019,2.3252,-0.34%,开放申购,开放赎回,
2013-08-28,0.5036,2.3275,-1.43%,开放申购,开放赎回,
2013-08-27,0.5109,2.3375,0.26%,开放申购,开放赎回,
2013-08-26,0.5096,2.3357,1.13%,开放申购,开放赎回,
2013-08-23,0.5039,2.3280,-0.06%,开放申购,开放赎回,
2013-08-22,0.5042,2.3284,0.04%,开放申购,开放赎回,
2013-08-21,0.5040,2.3281,0.28%,开放申购,开放赎回,
2013-08-20,0.5026,2.3262,-0.28%,开放申购,开放赎回,
2013-08-19,0.5040,2.3281,1.20%,开放申购,开放赎回,
2013-08-16,0.4980,2.3199,-1.43%,开放申购,开放赎回,
2013-08-15,0.5052,2.3297,-1.15%,开放申购,开放赎回,
2013-08-14,0.5111,2.3378,-0.20%,开放申购,开放赎回,
2013-08-13,0.5121,2.3391,0.35%,开放申购,开放赎回,
2013-08-12,0.5103,2.3367,0.91%,开放申购,开放赎回,
2013-08-09,0.5057,2.3304,0.40%,开放申购,开放赎回,
2013-08-08,0.5037,2.3277,0.62%,开放申购,开放赎回,
2013-08-07,0.5006,2.3234,-1.09%,开放申购,开放赎回,
2013-08-06,0.5061,2.3310,0.48%,开放申购,开放赎回,
2013-08-05,0.5037,2.3277,1.92%,开放申购,开放赎回,
2013-08-02,0.4942,2.3147,0.28%,开放申购,开放赎回,
2013-08-01,0.4928,2.3128,1.99%,开放申购,开放赎回,
2013-07-31,0.4832,2.2997,0.04%,开放申购,开放赎回,
2013-07-30,0.4830,2.2994,0.15%,开放申购,开放赎回,
2013-07-29,0.4823,2.2985,-1.11%,开放申购,开放赎回,
2013-07-26,0.4877,2.3058,-0.65%,开放申购,开放赎回,
2013-07-25,0.4909,2.3102,-0.65%,开放申购,开放赎回,
2013-07-24,0.4941,2.3146,-0.28%,开放申购,开放赎回,
2013-07-23,0.4955,2.3165,1.31%,开放申购,开放赎回,
2013-07-22,0.4891,2.3077,0.78%,开放申购,开放赎回,
2013-07-19,0.4853,2.3026,-1.46%,开放申购,开放赎回,
2013-07-18,0.4925,2.3124,-0.69%,开放申购,开放赎回,
2013-07-17,0.4959,2.3170,-0.90%,开放申购,开放赎回,
2013-07-16,0.5004,2.3232,0.54%,开放申购,开放赎回,
2013-07-15,0.4977,2.3195,1.34%,开放申购,开放赎回,
2013-07-12,0.4911,2.3105,-0.93%,开放申购,开放赎回,
2013-07-11,0.4957,2.3168,2.31%,开放申购,开放赎回,
2013-07-10,0.4845,2.3015,1.55%,开放申购,开放赎回,
2013-07-09,0.4771,2.2914,0.04%,开放申购,开放赎回,
2013-07-08,0.4769,2.2911,-2.45%,开放申购,开放赎回,
2013-07-05,0.4889,2.3075,-0.24%,开放申购,开放赎回,
2013-07-04,0.4901,2.3091,0.60%,开放申购,开放赎回,
2013-07-03,0.4872,2.3052,-0.39%,开放申购,开放赎回,
2013-07-02,0.4891,2.3077,0.93%,开放申购,开放赎回,
2013-07-01,0.4846,2.3016,0.50%,开放申购,开放赎回,
2013-06-30,0.4822,2.2983,0.00%,开放申购,开放赎回,
2013-06-28,0.4822,2.2983,0.44%,开放申购,开放赎回,
2013-06-27,0.4801,2.2955,-0.95%,开放申购,开放赎回,
2013-06-26,0.4847,2.3017,0.75%,开放申购,开放赎回,
2013-06-25,0.4811,2.2968,-1.07%,开放申购,开放赎回,
2013-06-24,0.4863,2.3039,-4.46%,开放申购,开放赎回,
2013-06-21,0.5090,2.3349,-0.12%,开放申购,开放赎回,
2013-06-20,0.5096,2.3357,-2.47%,开放申购,开放赎回,
2013-06-19,0.5225,2.3533,-0.53%,开放申购,开放赎回,
2013-06-18,0.5253,2.3572,0.38%,开放申购,开放赎回,
2013-06-17,0.5233,2.3544,0.11%,开放申购,开放赎回,
2013-06-14,0.5227,2.3536,0.95%,开放申购,开放赎回,
2013-06-13,0.5178,2.3469,-1.91%,开放申购,开放赎回,
2013-06-07,0.5279,2.3607,-1.47%,开放申购,开放赎回,
2013-06-06,0.5358,2.3715,-1.13%,开放申购,开放赎回,
2013-06-05,0.5419,2.3798,0.15%,开放申购,开放赎回,
2013-06-04,0.5411,2.3787,-1.78%,开放申购,开放赎回,
2013-06-03,0.5509,2.3921,-0.07%,开放申购,开放赎回,
2013-05-31,0.5513,2.3927,-0.13%,开放申购,开放赎回,
2013-05-30,0.5520,2.3936,0.33%,开放申购,开放赎回,
2013-05-29,0.5502,2.3912,0.16%,开放申购,开放赎回,
2013-05-28,0.5493,2.3899,0.68%,开放申购,开放赎回,
2013-05-27,0.5456,2.3849,0.79%,开放申购,开放赎回,
2013-05-24,0.5413,2.3790,0.73%,开放申购,开放赎回,
2013-05-23,0.5374,2.3737,-0.87%,开放申购,开放赎回,
2013-05-22,0.5421,2.3801,-0.26%,开放申购,开放赎回,
2013-05-21,0.5435,2.3820,0.52%,开放申购,开放赎回,
2013-05-20,0.5407,2.3782,0.56%,开放申购,开放赎回,
2013-05-17,0.5377,2.3741,0.81%,开放申购,开放赎回,
2013-05-16,0.5334,2.3682,0.98%,开放申购,开放赎回,
2013-05-15,0.5282,2.3611,0.49%,开放申购,开放赎回,
2013-05-14,0.5256,2.3576,-1.05%,开放申购,开放赎回,
2013-05-13,0.5312,2.3652,0.04%,开放申购,开放赎回,
2013-05-10,0.5310,2.3650,0.34%,开放申购,开放赎回,
2013-05-09,0.5292,2.3625,-0.32%,开放申购,开放赎回,
2013-05-08,0.5309,2.3648,0.57%,开放申购,开放赎回,
2013-05-07,0.5279,2.3607,0.11%,开放申购,开放赎回,
2013-05-06,0.5273,2.3599,1.07%,开放申购,开放赎回,
2013-05-03,0.5217,2.3523,1.24%,开放申购,开放赎回,
2013-05-02,0.5153,2.3435,0.08%,开放申购,开放赎回,
2013-04-26,0.5149,2.3430,-1.17%,开放申购,开放赎回,
2013-04-25,0.5210,2.3513,-0.48%,开放申购,开放赎回,
2013-04-24,0.5235,2.3547,1.12%,开放申购,开放赎回,
2013-04-23,0.5177,2.3468,-1.67%,开放申购,开放赎回,
2013-04-22,0.5265,2.3588,0.17%,开放申购,开放赎回,
2013-04-19,0.5256,2.3576,1.78%,开放申购,开放赎回,
2013-04-18,0.5164,2.3450,0.23%,开放申购,开放赎回,
2013-04-17,0.5152,2.3434,0.23%,开放申购,开放赎回,
2013-04-16,0.5140,2.3417,0.84%,开放申购,开放赎回,
2013-04-15,0.5097,2.3359,-1.16%,开放申购,开放赎回,
2013-04-12,0.5157,2.3441,-0.39%,开放申购,开放赎回,
2013-04-11,0.5177,2.3468,-0.17%,开放申购,开放赎回,
2013-04-10,0.5186,2.3480,-0.15%,开放申购,开放赎回,
2013-04-09,0.5194,2.3491,0.25%,开放申购,开放赎回,
2013-04-08,0.5181,2.3473,-0.17%,开放申购,开放赎回,
2013-04-03,0.5190,2.3486,-0.25%,开放申购,开放赎回,
2013-04-02,0.5203,2.3503,-0.34%,开放申购,开放赎回,
2013-04-01,0.5221,2.3528,0.04%,开放申购,开放赎回,
2013-03-29,0.5219,2.3525,-0.15%,开放申购,开放赎回,
2013-03-28,0.5227,2.3536,-1.95%,开放申购,开放赎回,
2013-03-27,0.5331,2.3678,0.00%,开放申购,开放赎回,
2013-03-26,0.5331,2.3678,-0.19%,开放申购,开放赎回,
2013-03-25,0.5341,2.3692,-0.17%,开放申购,开放赎回,
2013-03-22,0.5350,2.3704,0.34%,开放申购,开放赎回,
2013-03-21,0.5332,2.3680,0.47%,开放申购,开放赎回,
2013-03-20,0.5307,2.3645,2.33%,开放申购,开放赎回,
2013-03-19,0.5186,2.3480,0.14%,开放申购,开放赎回,
2013-03-18,0.5179,2.3471,-1.26%,开放申购,开放赎回,
2013-03-15,0.5245,2.3561,0.06%,开放申购,开放赎回,
2013-03-14,0.5242,2.3557,0.38%,开放申购,开放赎回,
2013-03-13,0.5222,2.3529,-1.00%,开放申购,开放赎回,
2013-03-12,0.5275,2.3602,-1.60%,开放申购,开放赎回,
2013-03-11,0.5361,2.3719,-0.15%,开放申购,开放赎回,
2013-03-08,0.5369,2.3730,-0.59%,开放申购,开放赎回,
2013-03-07,0.5401,2.3774,-0.44%,开放申购,开放赎回,
2013-03-06,0.5425,2.3807,1.21%,开放申购,开放赎回,
2013-03-05,0.5360,2.3718,1.73%,开放申购,开放赎回,
2013-03-04,0.5269,2.3594,-2.14%,开放申购,开放赎回,
2013-03-01,0.5384,2.3751,0.84%,开放申购,开放赎回,
2013-02-28,0.5339,2.3689,1.42%,开放申购,开放赎回,
2013-02-27,0.5264,2.3587,-0.04%,开放申购,开放赎回,
2013-02-26,0.5266,2.3589,-0.79%,开放申购,开放赎回,
2013-02-25,0.5308,2.3647,0.47%,开放申购,开放赎回,
2013-02-22,0.5283,2.3613,-0.26%,开放申购,开放赎回,
2013-02-21,0.5297,2.3632,-1.41%,开放申购,开放赎回,
2013-02-20,0.5373,2.3736,1.30%,开放申购,开放赎回,
2013-02-19,0.5304,2.3641,-0.64%,开放申购,开放赎回,
2013-02-18,0.5338,2.3688,-0.06%,开放申购,开放赎回,
2013-02-08,0.5341,2.3692,1.56%,开放申购,开放赎回,
2013-02-07,0.5259,2.3580,0.46%,开放申购,开放赎回,
2013-02-06,0.5235,2.3547,0.67%,开放申购,开放赎回,
2013-02-05,0.5200,2.3499,1.01%,开放申购,开放赎回,
2013-02-04,0.5148,2.3428,0.10%,开放申购,开放赎回,
2013-02-01,0.5143,2.3422,0.76%,开放申购,开放赎回,
2013-01-31,0.5104,2.3368,0.04%,开放申购,开放赎回,
2013-01-30,0.5102,2.3366,0.24%,开放申购,开放赎回,
2013-01-29,0.5090,2.3349,0.49%,开放申购,开放赎回,
2013-01-28,0.5065,2.3315,1.52%,开放申购,开放赎回,
2013-01-25,0.4989,2.3211,-0.16%,开放申购,开放赎回,
2013-01-24,0.4997,2.3222,-1.61%,开放申购,开放赎回,
2013-01-23,0.5079,2.3334,0.10%,开放申购,开放赎回,
2013-01-22,0.5074,2.3327,-1.15%,开放申购,开放赎回,
2013-01-21,0.5133,2.3408,0.55%,开放申购,开放赎回,
2013-01-18,0.5105,2.3370,1.05%,开放申购,开放赎回,
2013-01-17,0.5052,2.3297,-1.02%,开放申购,开放赎回,
2013-01-16,0.5104,2.3368,0.22%,开放申购,开放赎回,
2013-01-15,0.5093,2.3353,1.17%,开放申购,开放赎回,
2013-01-14,0.5034,2.3273,2.55%,开放申购,开放赎回,
2013-01-11,0.4909,2.3102,-1.45%,开放申购,开放赎回,
2013-01-10,0.4981,2.3200,0.38%,开放申购,开放赎回,
2013-01-09,0.4962,2.3174,-0.10%,开放申购,开放赎回,
2013-01-08,0.4967,2.3181,1.26%,开放申购,开放赎回,
2013-01-07,0.4905,2.3097,0.49%,开放申购,开放赎回,
2013-01-04,0.4881,2.3064,-0.57%,开放申购,开放赎回,
2012-12-31,0.4909,2.3102,1.22%,开放申购,开放赎回,
2012-12-28,0.4850,2.3021,0.66%,开放申购,开放赎回,
2012-12-27,0.4818,2.2978,-0.48%,开放申购,开放赎回,
2012-12-26,0.4841,2.3009,1.42%,开放申购,开放赎回,
2012-12-25,0.4773,2.2916,1.92%,开放申购,开放赎回,
2012-12-24,0.4683,2.2793,0.30%,开放申购,开放赎回,
2012-12-21,0.4669,2.2774,0.17%,开放申购,开放赎回,
2012-12-20,0.4661,2.2763,0.76%,开放申购,开放赎回,
2012-12-19,0.4626,2.2716,0.46%,开放申购,开放赎回,
2012-12-18,0.4605,2.2687,0.26%,开放申购,开放赎回,
2012-12-17,0.4593,2.2671,0.68%,开放申购,开放赎回,
2012-12-14,0.4562,2.2628,3.00%,开放申购,开放赎回,
2012-12-13,0.4429,2.2447,-0.85%,开放申购,开放赎回,
2012-12-12,0.4467,2.2499,0.11%,开放申购,开放赎回,
2012-12-11,0.4462,2.2492,-0.71%,开放申购,开放赎回,
2012-12-10,0.4494,2.2535,1.22%,开放申购,开放赎回,
2012-12-07,0.4440,2.2462,2.16%,开放申购,开放赎回,
2012-12-06,0.4346,2.2333,0.25%,开放申购,开放赎回,
2012-12-05,0.4335,2.2318,2.99%,开放申购,开放赎回,
2012-12-04,0.4209,2.2146,0.96%,开放申购,开放赎回,
2012-12-03,0.4169,2.2092,-2.02%,开放申购,开放赎回,
2012-11-30,0.4255,2.2209,0.40%,开放申购,开放赎回,
2012-11-29,0.4238,2.2186,-0.56%,开放申购,开放赎回,
2012-11-28,0.4262,2.2219,-1.66%,开放申购,开放赎回,
2012-11-27,0.4334,2.2317,-2.45%,开放申购,开放赎回,
2012-11-26,0.4443,2.2466,-1.09%,开放申购,开放赎回,
2012-11-23,0.4492,2.2533,0.74%,开放申购,开放赎回,
2012-11-22,0.4459,2.2488,-0.76%,开放申购,开放赎回,
2012-11-21,0.4493,2.2534,0.65%,开放申购,开放赎回,
2012-11-20,0.4464,2.2495,-0.51%,开放申购,开放赎回,
2012-11-19,0.4487,2.2526,-0.33%,开放申购,开放赎回,
2012-11-16,0.4502,2.2546,-0.53%,开放申购,开放赎回,
2012-11-15,0.4526,2.2579,-1.27%,开放申购,开放赎回,
2012-11-14,0.4584,2.2658,0.07%,开放申购,开放赎回,
2012-11-13,0.4581,2.2654,-1.29%,开放申购,开放赎回,
2012-11-12,0.4641,2.2736,0.32%,开放申购,开放赎回,
2012-11-09,0.4626,2.2716,-0.26%,开放申购,开放赎回,
2012-11-08,0.4638,2.2732,-1.90%,开放申购,开放赎回,
2012-11-07,0.4728,2.2855,-0.19%,开放申购,开放赎回,
2012-11-06,0.4737,2.2867,-0.50%,开放申购,开放赎回,
2012-11-05,0.4761,2.2900,0.00%,开放申购,开放赎回,
2012-11-02,0.4761,2.2900,0.49%,开放申购,开放赎回,
2012-11-01,0.4738,2.2869,1.30%,开放申购,开放赎回,
2012-10-31,0.4677,2.2785,0.15%,开放申购,开放赎回,
2012-10-30,0.4670,2.2776,0.09%,开放申购,开放赎回,
2012-10-29,0.4666,2.2770,-0.24%,开放申购,开放赎回,
2012-10-26,0.4677,2.2785,-1.41%,开放申购,开放赎回,
2012-10-25,0.4744,2.2877,-0.50%,开放申购,开放赎回,
2012-10-24,0.4768,2.2910,0.08%,开放申购,开放赎回,
2012-10-23,0.4764,2.2904,-0.71%,开放申购,开放赎回,
2012-10-22,0.4798,2.2951,0.69%,开放申购,开放赎回,
2012-10-19,0.4765,2.2905,-0.10%,开放申购,开放赎回,
2012-10-18,0.4770,2.2912,1.30%,开放申购,开放赎回,
2012-10-17,0.4709,2.2829,0.04%,开放申购,开放赎回,
2012-10-16,0.4707,2.2826,0.23%,开放申购,开放赎回,
2012-10-15,0.4696,2.2811,-0.78%,开放申购,开放赎回,
2012-10-12,0.4733,2.2862,0.02%,开放申购,开放赎回,
2012-10-11,0.4732,2.2860,-0.50%,开放申购,开放赎回,
2012-10-10,0.4756,2.2893,0.34%,开放申购,开放赎回,
2012-10-09,0.4740,2.2871,1.98%,开放申购,开放赎回,
2012-10-08,0.4648,2.2746,-0.36%,开放申购,开放赎回,
2012-09-30,0.4665,2.1065,0.00%,开放申购,开放赎回,
2012-09-28,0.4665,2.2769,1.28%,开放申购,开放赎回,
2012-09-27,0.4606,2.2688,1.63%,开放申购,开放赎回,
2012-09-26,0.4532,2.2587,-0.94%,开放申购,开放赎回,
2012-09-25,0.4575,2.2646,-0.24%,开放申购,开放赎回,
2012-09-24,0.4586,2.2661,0.48%,开放申购,开放赎回,
2012-09-21,0.4564,2.2631,-0.18%,开放申购,开放赎回,
2012-09-20,0.4572,2.2642,-1.57%,开放申购,开放赎回,
2012-09-19,0.4645,2.2742,0.41%,开放申购,开放赎回,
2012-09-18,0.4626,2.2716,-0.41%,开放申购,开放赎回,
2012-09-17,0.4645,2.2742,-1.71%,开放申购,开放赎回,
2012-09-14,0.4726,2.2852,0.13%,开放申购,开放赎回,
2012-09-13,0.4720,2.2844,-0.65%,开放申购,开放赎回,
2012-09-12,0.4751,2.2886,0.61%,开放申购,开放赎回,
2012-09-11,0.4722,2.2847,-0.40%,开放申购,开放赎回,
2012-09-10,0.4741,2.2873,0.19%,开放申购,开放赎回,
2012-09-07,0.4732,2.2860,2.80%,开放申购,开放赎回,
2012-09-06,0.4603,2.2684,1.01%,开放申购,开放赎回,
2012-09-05,0.4557,2.2621,-0.11%,开放申购,开放赎回,
2012-09-04,0.4562,2.2628,-0.78%,开放申购,开放赎回,
2012-09-03,0.4598,2.2677,0.66%,开放申购,开放赎回,
2012-08-31,0.4568,2.2636,0.11%,开放申购,开放赎回,
2012-08-30,0.4563,2.2630,-0.39%,开放申购,开放赎回,
2012-08-29,0.4581,2.2654,-0.56%,开放申购,开放赎回,
2012-08-28,0.4607,2.2690,0.88%,开放申购,开放赎回,
2012-08-27,0.4567,2.2635,-1.40%,开放申购,开放赎回,
2012-08-24,0.4632,2.2724,-0.75%,开放申购,开放赎回,
2012-08-23,0.4667,2.2772,0.24%,开放申购,开放赎回,
2012-08-22,0.4656,2.2757,-0.51%,开放申购,开放赎回,
2012-08-21,0.4680,2.2789,0.62%,开放申购,开放赎回,
2012-08-20,0.4651,2.2750,-0.15%,开放申购,开放赎回,
2012-08-17,0.4658,2.2759,0.47%,开放申购,开放赎回,
2012-08-16,0.4636,2.2729,-0.37%,开放申购,开放赎回,
2012-08-15,0.4653,2.2753,-0.62%,开放申购,开放赎回,
2012-08-14,0.4682,2.2792,0.41%,开放申购,开放赎回,
2012-08-13,0.4663,2.2766,-1.14%,开放申购,开放赎回,
2012-08-10,0.4717,2.2840,-0.15%,开放申购,开放赎回,
2012-08-09,0.4724,2.2849,0.38%,开放申购,开放赎回,
2012-08-08,0.4706,2.2825,0.36%,开放申购,开放赎回,
2012-08-07,0.4689,2.2802,0.26%,开放申购,开放赎回,
2012-08-06,0.4677,2.2785,0.99%,开放申购,开放赎回,
2012-08-03,0.4631,2.2723,0.78%,开放申购,开放赎回,
2012-08-02,0.4595,2.2673,-0.33%,开放申购,开放赎回,
2012-08-01,0.4610,2.2694,0.59%,开放申购,开放赎回,
2012-07-31,0.4583,2.2657,-0.76%,开放申购,开放赎回,
2012-07-30,0.4618,2.2705,-0.90%,开放申购,开放赎回,
2012-07-27,0.4660,2.2762,0.47%,开放申购,开放赎回,
2012-07-26,0.4638,2.2732,-0.34%,开放申购,开放赎回,
2012-07-25,0.4654,2.2754,-0.34%,开放申购,开放赎回,
2012-07-24,0.4670,2.2776,0.26%,开放申购,开放赎回,
2012-07-23,0.4658,2.2759,-0.75%,开放申购,开放赎回,
2012-07-20,0.4693,2.2807,-0.38%,开放申购,开放赎回,
2012-07-19,0.4711,2.2832,1.18%,开放申购,开放赎回,
2012-07-18,0.4656,2.2757,0.76%,开放申购,开放赎回,
2012-07-17,0.4621,2.2709,0.24%,开放申购,开放赎回,
2012-07-16,0.4610,2.2694,-2.21%,开放申购,开放赎回,
2012-07-13,0.4714,2.2836,-0.23%,开放申购,开放赎回,
2012-07-12,0.4725,2.2851,0.60%,开放申购,开放赎回,
2012-07-11,0.4697,2.2813,0.66%,开放申购,开放赎回,
2012-07-10,0.4666,2.2770,-0.36%,开放申购,开放赎回,
2012-07-09,0.4683,2.2793,-1.53%,开放申购,开放赎回,
2012-07-06,0.4756,2.2893,0.55%,开放申购,开放赎回,
2012-07-05,0.4730,2.2858,-1.58%,开放申购,开放赎回,
2012-07-04,0.4806,2.2961,-0.50%,开放申购,开放赎回,
2012-07-03,0.4830,2.2994,0.25%,开放申购,开放赎回,
2012-07-02,0.4818,2.2978,0.17%,开放申购,开放赎回,
2012-06-30,0.4810,2.2967,0.00%,开放申购,开放赎回,
2012-06-29,0.4810,2.2967,0.59%,开放申购,开放赎回,
2012-06-28,0.4782,2.2929,0.10%,开放申购,开放赎回,
2012-06-27,0.4777,2.2922,-0.08%,开放申购,开放赎回,
2012-06-26,0.4781,2.2927,-0.38%,开放申购,开放赎回,
2012-06-25,0.4799,2.2952,-1.78%,开放申购,开放赎回,
2012-06-21,0.4886,2.3071,-1.07%,开放申购,开放赎回,
2012-06-20,0.4939,2.3143,-0.14%,开放申购,开放赎回,
2012-06-19,0.4946,2.3153,-0.06%,开放申购,开放赎回,
2012-06-18,0.4949,2.3157,0.59%,开放申购,开放赎回,
2012-06-15,0.4920,2.3117,-0.04%,开放申购,开放赎回,
2012-06-14,0.4922,2.3120,-0.28%,开放申购,开放赎回,
2012-06-13,0.4936,2.3139,0.96%,开放申购,开放赎回,
2012-06-12,0.4889,2.3075,-0.53%,开放申购,开放赎回,
2012-06-11,0.4915,2.3110,0.84%,开放申购,开放赎回,
2012-06-08,0.4874,2.3054,-0.51%,开放申购,开放赎回,
2012-06-07,0.4899,2.3088,-0.39%,开放申购,开放赎回,
2012-06-06,0.4918,2.3114,-0.02%,开放申购,开放赎回,
2012-06-05,0.4919,2.3116,-0.06%,开放申购,开放赎回,
2012-06-04,0.4922,2.3120,-2.09%,开放申购,开放赎回,
2012-06-01,0.5027,2.3263,-0.10%,开放申购,开放赎回,
2012-05-31,0.5032,2.3270,-0.24%,开放申购,开放赎回,
2012-05-30,0.5044,2.3286,-0.06%,开放申购,开放赎回,
2012-05-29,0.5047,2.3290,0.58%,开放申购,开放赎回,
2012-05-28,0.5018,2.3251,0.66%,开放申购,开放赎回,
2012-05-25,0.4985,2.3206,-0.22%,开放申购,开放赎回,
2012-05-24,0.4996,2.3221,-0.32%,开放申购,开放赎回,
2012-05-23,0.5012,2.3243,-0.46%,开放申购,开放赎回,
2012-05-22,0.5035,2.3274,0.78%,开放申购,开放赎回,
2012-05-21,0.4996,2.3221,0.12%,开放申购,开放赎回,
2012-05-18,0.4990,2.3213,-1.15%,开放申购,开放赎回,
2012-05-17,0.5048,2.3292,0.64%,开放申购,开放赎回,
2012-05-16,0.5016,2.3248,-0.87%,开放申购,开放赎回,
2012-05-15,0.5060,2.3308,-0.22%,开放申购,开放赎回,
2012-05-14,0.5071,2.3323,-0.14%,开放申购,开放赎回,
2012-05-11,0.5078,2.3333,-0.43%,开放申购,开放赎回,
2012-05-10,0.5100,2.3363,-0.08%,开放申购,开放赎回,
2012-05-09,0.5104,2.3368,-1.01%,开放申购,开放赎回,
2012-05-08,0.5156,2.3439,-0.42%,开放申购,开放赎回,
2012-05-07,0.5178,2.3469,1.07%,开放申购,开放赎回,
2012-05-04,0.5123,2.3394,0.53%,开放申购,开放赎回,
2012-05-03,0.5096,2.3357,0.47%,开放申购,开放赎回,
2012-05-02,0.5072,2.3325,1.08%,开放申购,开放赎回,
2012-04-27,0.5018,2.3251,0.08%,开放申购,开放赎回,
2012-04-26,0.5014,2.3245,-0.02%,开放申购,开放赎回,
2012-04-25,0.5015,2.3247,0.30%,开放申购,开放赎回,
2012-04-24,0.5000,2.3226,-0.12%,开放申购,开放赎回,
2012-04-23,0.5006,2.3234,-1.46%,开放申购,开放赎回,
2012-04-20,0.5080,2.3336,0.55%,开放申购,开放赎回,
2012-04-19,0.5052,2.3297,0.80%,开放申购,开放赎回,
2012-04-18,0.5012,2.3243,1.46%,开放申购,开放赎回,
2012-04-17,0.4940,2.3144,-0.20%,开放申购,开放赎回,
2012-04-16,0.4950,2.3158,-0.04%,开放申购,开放赎回,
2012-04-13,0.4952,2.3161,0.04%,开放申购,开放赎回,
2012-04-12,0.4950,2.3158,1.04%,开放申购,开放赎回,
2012-04-11,0.4899,2.3088,0.10%,开放申购,开放赎回,
2012-04-10,0.4894,2.3082,1.03%,开放申购,开放赎回,
2012-04-09,0.4844,2.3013,-0.74%,开放申购,开放赎回,
2012-04-06,0.4880,2.3062,0.74%,开放申购,开放赎回,
2012-04-05,0.4844,2.3013,1.28%,开放申购,开放赎回,
2012-03-31,0.4783,2.1183,0.00%,开放申购,开放赎回,
2012-03-30,0.4783,2.2930,-0.48%,开放申购,开放赎回,
2012-03-29,0.4806,2.2961,-1.15%,开放申购,开放赎回,
2012-03-28,0.4862,2.3038,-2.49%,开放申购,开放赎回,
2012-03-27,0.4986,2.3207,0.10%,开放申购,开放赎回,
2012-03-26,0.4981,2.3200,0.00%,开放申购,开放赎回,
2012-03-23,0.4981,2.3200,-0.62%,开放申购,开放赎回,
2012-03-22,0.5012,2.3243,-0.20%,开放申购,开放赎回,
2012-03-21,0.5022,2.3256,-0.89%,开放申购,开放赎回,
2012-03-20,0.5067,2.3318,-0.80%,开放申购,开放赎回,
2012-03-19,0.5108,2.3374,0.26%,开放申购,开放赎回,
2012-03-16,0.5095,2.3356,0.61%,开放申购,开放赎回,
2012-03-15,0.5064,2.3314,-0.22%,开放申购,开放赎回,
2012-03-14,0.5075,2.3329,-1.84%,开放申购,开放赎回,
2012-03-13,0.5170,2.3458,1.11%,开放申购,开放赎回,
2012-03-12,0.5113,2.3381,0.63%,开放申购,开放赎回,
2012-03-09,0.5081,2.3337,1.70%,开放申购,开放赎回,
2012-03-08,0.4996,2.3221,0.46%,开放申购,开放赎回,
2012-03-07,0.4973,2.3189,-0.12%,开放申购,开放赎回,
2012-03-06,0.4979,2.3198,-1.17%,开放申购,开放赎回,
2012-03-05,0.5038,2.3278,0.60%,开放申购,开放赎回,
2012-03-02,0.5008,2.3237,1.09%,开放申购,开放赎回,
2012-03-01,0.4954,2.3163,0.47%,开放申购,开放赎回,
2012-02-29,0.4931,2.3132,-1.08%,开放申购,开放赎回,
2012-02-28,0.4985,2.3206,-0.36%,开放申购,开放赎回,
2012-02-27,0.5003,2.3230,-0.28%,开放申购,开放赎回,
2012-02-24,0.5017,2.3249,0.88%,开放申购,开放赎回,
2012-02-23,0.4973,2.3189,-0.24%,开放申购,开放赎回,
2012-02-22,0.4985,2.3206,1.30%,开放申购,开放赎回,
2012-02-21,0.4921,2.3118,1.36%,开放申购,开放赎回,
2012-02-20,0.4855,2.3028,0.54%,开放申购,开放赎回,
2012-02-17,0.4829,2.2993,-0.45%,开放申购,开放赎回,
2012-02-16,0.4851,2.3023,2.84%,开放申购,开放赎回,
2012-02-15,0.4717,2.2840,0.88%,开放申购,开放赎回,
2012-02-14,0.4676,2.2784,-0.02%,开放申购,开放赎回,
2012-02-13,0.4677,2.2785,1.26%,开放申购,开放赎回,
2012-02-10,0.4619,2.2706,0.26%,开放申购,开放赎回,
2012-02-09,0.4607,2.2690,0.61%,开放申购,开放赎回,
2012-02-08,0.4579,2.2652,1.62%,开放申购,开放赎回,
2012-02-07,0.4506,2.2552,-0.84%,开放申购,开放赎回,
2012-02-06,0.4544,2.2604,0.73%,开放申购,开放赎回,
2012-02-03,0.4511,2.2559,1.53%,开放申购,开放赎回,
2012-02-02,0.4443,2.2466,1.25%,开放申购,开放赎回,
2012-02-01,0.4388,2.2391,0.21%,开放申购,开放赎回,
2012-01-31,0.4379,2.2378,0.53%,开放申购,开放赎回,
2012-01-30,0.4356,2.2347,0.14%,开放申购,开放赎回,
2012-01-20,0.4350,2.2339,1.30%,开放申购,开放赎回,
2012-01-19,0.4294,2.2262,0.59%,开放申购,开放赎回,
2012-01-18,0.4269,2.2228,-3.02%,开放申购,开放赎回,
2012-01-17,0.4402,2.2410,3.85%,开放申购,开放赎回,
2012-01-16,0.4239,2.2187,-3.55%,开放申购,开放赎回,
2012-01-13,0.4395,2.2400,-3.47%,开放申购,开放赎回,
2012-01-12,0.4553,2.2616,-0.48%,开放申购,开放赎回,
2012-01-11,0.4575,2.2646,-0.31%,开放申购,开放赎回,
2012-01-10,0.4589,2.2665,3.38%,开放申购,开放赎回,
2012-01-09,0.4439,2.2460,3.09%,开放申购,开放赎回,
2012-01-06,0.4306,2.2279,-1.64%,开放申购,开放赎回,
2012-01-05,0.4378,2.2377,-2.91%,开放申购,开放赎回,
2012-01-04,0.4509,2.2556,-2.57%,开放申购,开放赎回,
2011-12-31,0.4628,2.2718,-0.02%,开放申购,开放赎回,
2011-12-30,0.4629,2.2720,1.45%,开放申购,开放赎回,
2011-12-29,0.4563,2.2630,0.00%,开放申购,开放赎回,
2011-12-28,0.4563,2.2630,-1.04%,开放申购,开放赎回,
2011-12-27,0.4611,2.2695,-1.73%,开放申购,开放赎回,
2011-12-26,0.4692,2.2806,-0.87%,开放申购,开放赎回,
2011-12-23,0.4733,2.2862,0.42%,开放申购,开放赎回,
2011-12-22,0.4713,2.2834,-1.38%,开放申购,开放赎回,
2011-12-21,0.4779,2.2925,-1.57%,开放申购,开放赎回,
2011-12-20,0.4855,2.3028,-0.43%,开放申购,开放赎回,
2011-12-19,0.4876,2.3057,-0.02%,开放申购,开放赎回,
2011-12-16,0.4877,2.3058,2.29%,开放申购,开放赎回,
2011-12-15,0.4768,2.2910,-1.97%,开放申购,开放赎回,
2011-12-14,0.4864,2.3041,-1.30%,开放申购,开放赎回,
2011-12-13,0.4928,2.3128,-2.49%,开放申购,开放赎回,
2011-12-12,0.5054,2.3300,-1.15%,开放申购,开放赎回,
2011-12-09,0.5113,2.3381,-0.74%,开放申购,开放赎回,
2011-12-08,0.5151,2.3432,-0.06%,开放申购,开放赎回,
2011-12-07,0.5154,2.3437,0.27%,开放申购,开放赎回,
2011-12-06,0.5140,2.3417,-0.35%,开放申购,开放赎回,
2011-12-05,0.5158,2.3442,-2.22%,开放申购,开放赎回,
2011-12-02,0.5275,2.3602,-1.11%,开放申购,开放赎回,
2011-12-01,0.5334,2.3682,2.05%,开放申购,开放赎回,
2011-11-30,0.5227,2.3536,-2.93%,开放申购,开放赎回,
2011-11-29,0.5385,2.3752,0.90%,开放申购,开放赎回,
2011-11-28,0.5337,2.3686,0.09%,开放申购,开放赎回,
2011-11-25,0.5332,2.3680,-0.36%,开放申购,开放赎回,
2011-11-24,0.5351,2.3705,0.34%,开放申购,开放赎回,
2011-11-23,0.5333,2.3681,-0.11%,开放申购,开放赎回,
2011-11-22,0.5339,2.3689,0.19%,开放申购,开放赎回,
2011-11-21,0.5329,2.3675,-0.04%,开放申购,开放赎回,
2011-11-18,0.5331,2.3678,-1.86%,开放申购,开放赎回,
2011-11-17,0.5432,2.3816,0.04%,开放申购,开放赎回,
2011-11-16,0.5430,2.3813,-2.18%,开放申购,开放赎回,
2011-11-15,0.5551,2.3979,0.49%,开放申购,开放赎回,
2011-11-14,0.5524,2.3942,1.88%,开放申购,开放赎回,
2011-11-11,0.5422,2.3802,-0.33%,开放申购,开放赎回,
2011-11-10,0.5440,2.3827,-1.29%,开放申购,开放赎回,
2011-11-09,0.5511,2.3924,1.98%,开放申购,开放赎回,
2011-11-08,0.5404,2.3778,-0.79%,开放申购,开放赎回,
2011-11-07,0.5447,2.3837,-0.66%,开放申购,开放赎回,
2011-11-04,0.5483,2.3886,0.51%,开放申购,开放赎回,
2011-11-03,0.5455,2.3847,0.81%,开放申购,开放赎回,
2011-11-02,0.5411,2.3787,1.92%,开放申购,开放赎回,
2011-11-01,0.5309,2.3648,0.19%,开放申购,开放赎回,
2011-10-31,0.5299,2.3634,0.66%,开放申购,开放赎回,
2011-10-28,0.5264,2.3587,1.68%,开放申购,开放赎回,
2011-10-27,0.5177,2.3468,-0.14%,开放申购,开放赎回,
2011-10-26,0.5184,2.3477,1.09%,开放申购,开放赎回,
2011-10-25,0.5128,2.3401,2.13%,开放申购,开放赎回,
2011-10-24,0.5021,2.3255,1.50%,开放申购,开放赎回,
2011-10-21,0.4947,2.3154,-1.38%,开放申购,开放赎回,
2011-10-20,0.5016,2.3248,-2.45%,开放申购,开放赎回,
2011-10-19,0.5142,2.3420,-0.41%,开放申购,开放赎回,
2011-10-18,0.5163,2.3449,-2.18%,开放申购,开放赎回,
2011-10-17,0.5278,2.3606,0.04%,开放申购,开放赎回,
2011-10-14,0.5276,2.3603,-0.62%,开放申购,开放赎回,
2011-10-13,0.5309,2.3648,1.18%,开放申购,开放赎回,
2011-10-12,0.5247,2.3564,2.64%,开放申购,开放赎回,
2011-10-11,0.5112,2.3379,-0.39%,开放申购,开放赎回,
2011-10-10,0.5132,2.3406,-0.62%,开放申购,开放赎回,
2011-09-30,0.5164,2.3450,-0.44%,开放申购,开放赎回,
2011-09-29,0.5187,2.3482,-1.78%,开放申购,开放赎回,
2011-09-28,0.5281,2.3610,-1.05%,开放申购,开放赎回,
2011-09-27,0.5337,2.3686,0.32%,开放申购,开放赎回,
2011-09-26,0.5320,2.3663,-1.26%,开放申购,开放赎回,
2011-09-23,0.5388,2.3756,-0.57%,开放申购,开放赎回,
2011-09-22,0.5419,2.3798,-2.13%,开放申购,开放赎回,
2011-09-21,0.5537,2.3959,2.50%,开放申购,开放赎回,
2011-09-20,0.5402,2.3775,0.26%,开放申购,开放赎回,
2011-09-19,0.5388,2.3756,-1.23%,开放申购,开放赎回,
2011-09-16,0.5455,2.3847,-0.22%,开放申购,开放赎回,
2011-09-15,0.5467,2.3864,0.31%,开放申购,开放赎回,
2011-09-14,0.5450,2.3841,0.68%,开放申购,开放赎回,
2011-09-13,0.5413,2.3790,-0.95%,开放申购,开放赎回,
2011-09-09,0.5465,2.3861,-0.76%,开放申购,开放赎回,
2011-09-08,0.5507,2.3918,-0.47%,开放申购,开放赎回,
2011-09-07,0.5533,2.3954,1.95%,开放申购,开放赎回,
2011-09-06,0.5427,2.3809,-0.66%,开放申购,开放赎回,
2011-09-05,0.5463,2.3858,-1.76%,开放申购,开放赎回,
2011-09-02,0.5561,2.3992,-1.42%,开放申购,开放赎回,
2011-09-01,0.5641,2.4101,-0.81%,开放申购,开放赎回,
2011-08-31,0.5687,2.4164,-0.26%,开放申购,开放赎回,
2011-08-30,0.5702,2.4185,-0.71%,开放申购,开放赎回,
2011-08-29,0.5743,2.4241,-0.12%,开放申购,开放赎回,
2011-08-26,0.5750,2.4250,0.24%,开放申购,开放赎回,
2011-08-25,0.5736,2.4231,2.21%,开放申购,开放赎回,
2011-08-24,0.5612,2.4062,-0.32%,开放申购,开放赎回,
2011-08-23,0.5630,2.4086,1.08%,开放申购,开放赎回,
2011-08-22,0.5570,2.4004,-0.80%,开放申购,开放赎回,
2011-08-19,0.5615,2.4066,-0.35%,开放申购,开放赎回,
2011-08-18,0.5635,2.4093,-1.35%,开放申购,开放赎回,
2011-08-17,0.5712,2.4198,-0.24%,开放申购,开放赎回,
2011-08-16,0.5726,2.4217,-0.73%,开放申购,开放赎回,
2011-08-15,0.5768,2.4275,0.82%,开放申购,开放赎回,
2011-08-12,0.5721,2.4211,0.60%,开放申购,开放赎回,
2011-08-11,0.5687,2.4164,1.57%,开放申购,开放赎回,
2011-08-10,0.5599,2.4044,1.19%,开放申购,开放赎回,
2011-08-09,0.5533,2.3954,-0.50%,开放申购,开放赎回,
2011-08-08,0.5561,2.3992,-3.81%,开放申购,开放赎回,
2011-08-05,0.5781,2.4293,-1.20%,开放申购,开放赎回,
2011-08-04,0.5851,2.4388,0.38%,开放申购,开放赎回,
2011-08-03,0.5829,2.4358,0.10%,开放申购,开放赎回,
2011-08-02,0.5823,2.4350,-1.10%,开放申购,开放赎回,
2011-08-01,0.5888,2.4439,-0.22%,开放申购,开放赎回,
2011-07-29,0.5901,2.4456,-0.52%,开放申购,开放赎回,
2011-07-28,0.5932,2.4499,-0.35%,开放申购,开放赎回,
2011-07-27,0.5953,2.4527,1.45%,开放申购,开放赎回,
2011-07-26,0.5868,2.4411,0.96%,开放申购,开放赎回,
2011-07-25,0.5812,2.4335,-2.81%,开放申购,开放赎回,
2011-07-22,0.5980,2.4564,0.23%,开放申购,开放赎回,
2011-07-21,0.5966,2.4545,-0.07%,开放申购,开放赎回,
2011-07-20,0.5970,2.4551,0.45%,开放申购,开放赎回,
2011-07-19,0.5943,2.4514,-1.18%,开放申购,开放赎回,
2011-07-18,0.6014,2.4611,0.10%,开放申购,开放赎回,
2011-07-15,0.6008,2.4602,0.54%,开放申购,开放赎回,
2011-07-14,0.5976,2.4559,0.30%,开放申购,开放赎回,
2011-07-13,0.5958,2.4534,1.38%,开放申购,开放赎回,
2011-07-12,0.5877,2.4424,-1.38%,开放申购,开放赎回,
2011-07-11,0.5959,2.4536,0.68%,开放申购,开放赎回,
2011-07-08,0.5919,2.4481,-0.02%,开放申购,开放赎回,
2011-07-07,0.5920,2.4482,0.82%,开放申购,开放赎回,
2011-07-06,0.5872,2.4417,0.19%,开放申购,开放赎回,
2011-07-05,0.5861,2.4402,0.21%,开放申购,开放赎回,
2011-07-04,0.5849,2.4385,1.51%,开放申购,开放赎回,
2011-07-01,0.5762,2.4267,-0.14%,开放申购,开放赎回,
2011-06-30,0.5770,2.4278,1.21%,开放申购,开放赎回,
2011-06-29,0.5701,2.4183,-1.06%,开放申购,开放赎回,
2011-06-28,0.5762,2.4267,0.16%,开放申购,开放赎回,
2011-06-27,0.5753,2.4254,0.47%,开放申购,开放赎回,
2011-06-24,0.5726,2.4217,2.23%,开放申购,开放赎回,
2011-06-23,0.5601,2.4047,1.82%,开放申购,开放赎回,
2011-06-22,0.5501,2.3910,0.15%,开放申购,开放赎回,
2011-06-21,0.5493,2.3899,0.70%,开放申购,开放赎回,
2011-06-20,0.5455,2.3847,-0.62%,开放申购,开放赎回,
2011-06-17,0.5489,2.3894,-1.08%,开放申购,开放赎回,
2011-06-16,0.5549,2.3976,-0.96%,开放申购,开放赎回,
2011-06-15,0.5603,2.4050,-0.57%,开放申购,开放赎回,
2011-06-14,0.5635,2.4093,0.97%,开放申购,开放赎回,
2011-06-13,0.5581,2.4019,-0.07%,开放申购,开放赎回,
2011-06-10,0.5585,2.4025,-0.04%,开放申购,开放赎回,
2011-06-09,0.5587,2.4028,-1.32%,开放申购,开放赎回,
2011-06-08,0.5662,2.4130,-0.05%,开放申购,开放赎回,
2011-06-07,0.5665,2.4134,0.34%,开放申购,开放赎回,
2011-06-03,0.5646,2.4108,1.44%,开放申购,开放赎回,
2011-06-02,0.5566,2.3999,-0.78%,开放申购,开放赎回,
2011-06-01,0.5610,2.4059,0.74%,开放申购,开放赎回,
2011-05-31,0.5569,2.4003,1.48%,开放申购,开放赎回,
2011-05-30,0.5488,2.3893,-0.81%,开放申购,开放赎回,
2011-05-27,0.5533,2.3954,-1.37%,开放申购,开放赎回,
2011-05-26,0.5610,2.4059,-1.44%,开放申购,开放赎回,
2011-05-25,0.5692,2.4171,-0.65%,开放申购,开放赎回,
2011-05-24,0.5729,2.4222,-0.31%,开放申购,开放赎回,
2011-05-23,0.5747,2.4246,-2.99%,开放申购,开放赎回,
2011-05-20,0.5924,2.4488,-0.19%,开放申购,开放赎回,
2011-05-19,0.5935,2.4503,0.36%,开放申购,开放赎回,
2011-05-18,0.5914,2.4474,0.80%,开放申购,开放赎回,
2011-05-17,0.5867,2.4410,-0.12%,开放申购,开放赎回,
2011-05-16,0.5874,2.4420,-0.29%,开放申购,开放赎回,
2011-05-13,0.5891,2.4443,0.61%,开放申购,开放赎回,
2011-05-12,0.5855,2.4394,-0.88%,开放申购,开放赎回,
2011-05-11,0.5907,2.4465,0.29%,开放申购,开放赎回,
2011-05-10,0.5890,2.4441,0.03%,开放申购,开放赎回,
2011-05-09,0.5888,2.4439,0.05%,开放申购,开放赎回,
2011-05-06,0.5885,2.4435,0.48%,开放申购,开放赎回,
2011-05-05,0.5857,2.4396,0.39%,开放申购,开放赎回,
2011-05-04,0.5834,2.4365,-1.60%,开放申购,开放赎回,
2011-05-03,0.5929,2.4495,0.97%,开放申购,开放赎回,
2011-04-29,0.5872,2.4417,1.02%,开放申购,开放赎回,
2011-04-28,0.5813,2.4336,-2.35%,开放申购,开放赎回,
2011-04-27,0.5953,2.4527,-0.77%,开放申购,开放赎回,
2011-04-26,0.5999,2.4590,-1.12%,开放申购,开放赎回,
2011-04-25,0.6067,2.4683,-0.77%,开放申购,开放赎回,
2011-04-22,0.6114,2.4747,-0.46%,开放申购,开放赎回,
2011-04-21,0.6142,2.4785,0.44%,开放申购,开放赎回,
2011-04-20,0.6115,2.4749,0.48%,开放申购,开放赎回,
2011-04-19,0.6086,2.4709,-0.85%,开放申购,开放赎回,
2011-04-18,0.6138,2.4780,-0.03%,开放申购,开放赎回,
2011-04-15,0.6140,2.4783,-0.18%,开放申购,开放赎回,
2011-04-14,0.6151,2.4798,0.38%,开放申购,开放赎回,
2011-04-13,0.6128,2.4766,0.77%,开放申购,开放赎回,
2011-04-12,0.6081,2.4702,0.35%,开放申购,开放赎回,
2011-04-11,0.6060,2.4673,-0.35%,开放申购,开放赎回,
2011-04-08,0.6081,2.4702,0.81%,开放申购,开放赎回,
2011-04-07,0.6032,2.4635,0.43%,开放申购,开放赎回,
2011-04-06,0.6006,2.4600,-0.43%,开放申购,开放赎回,
2011-04-01,0.6032,2.4635,0.55%,开放申购,开放赎回,
2011-03-31,0.5999,2.4590,-0.58%,开放申购,开放赎回,
2011-03-30,0.6034,2.4638,-0.77%,开放申购,开放赎回,
2011-03-29,0.6081,2.4702,-1.06%,开放申购,开放赎回,
2011-03-28,0.6146,2.4791,-0.81%,开放申购,开放赎回,
2011-03-25,0.6196,2.4859,0.57%,开放申购,开放赎回,
2011-03-24,0.6161,2.4811,0.00%,开放申购,开放赎回,
2011-03-23,0.6161,2.4811,1.03%,开放申购,开放赎回,
2011-03-22,0.6098,2.4725,0.07%,开放申购,开放赎回,
2011-03-21,0.6094,2.4720,-0.65%,开放申购,开放赎回,
2011-03-18,0.6134,2.4774,0.52%,开放申购,开放赎回,
2011-03-17,0.6102,2.4731,-0.85%,开放申购,开放赎回,
2011-03-16,0.6154,2.4802,1.28%,开放申购,开放赎回,
2011-03-15,0.6076,2.4695,-0.54%,开放申购,开放赎回,
2011-03-14,0.6109,2.4740,1.11%,开放申购,开放赎回,
2011-03-11,0.6042,2.4649,-0.31%,开放申购,开放赎回,
2011-03-10,0.6061,2.4675,-0.98%,开放申购,开放赎回,
2011-03-09,0.6121,2.4757,-0.15%,开放申购,开放赎回,
2011-03-08,0.6130,2.4769,0.38%,开放申购,开放赎回,
2011-03-07,0.6107,2.4738,0.83%,开放申购,开放赎回,
2011-03-04,0.6057,2.4669,0.87%,开放申购,开放赎回,
2011-03-03,0.6005,2.4598,-0.53%,开放申购,开放赎回,
2011-03-02,0.6037,2.4642,-0.43%,开放申购,开放赎回,
2011-03-01,0.6063,2.4678,0.17%,开放申购,开放赎回,
2011-02-28,0.6053,2.4664,0.65%,开放申购,开放赎回,
2011-02-25,0.6014,2.4611,0.00%,开放申购,开放赎回,
2011-02-24,0.6014,2.4611,0.92%,开放申购,开放赎回,
2011-02-23,0.5959,2.4536,0.78%,开放申购,开放赎回,
2011-02-22,0.5913,2.4473,-2.30%,开放申购,开放赎回,
2011-02-21,0.6052,2.4663,0.85%,开放申购,开放赎回,
2011-02-18,0.6001,2.4593,0.18%,开放申购,开放赎回,
2011-02-17,0.5990,2.4578,0.62%,开放申购,开放赎回,
2011-02-16,0.5953,2.4527,0.86%,开放申购,开放赎回,
2011-02-15,0.5902,2.4458,-0.69%,开放申购,开放赎回,
2011-02-14,0.5943,2.4514,1.87%,开放申购,开放赎回,
2011-02-11,0.5834,2.4365,0.71%,开放申购,开放赎回,
2011-02-10,0.5793,2.4309,1.70%,开放申购,开放赎回,
2011-02-09,0.5696,2.4177,-0.35%,开放申购,开放赎回,
2011-02-01,0.5716,2.4204,-0.05%,开放申购,开放赎回,
2011-01-31,0.5719,2.4208,0.55%,开放申购,开放赎回,
2011-01-28,0.5688,2.4166,0.46%,开放申购,开放赎回,
2011-01-27,0.5662,2.4130,1.58%,开放申购,开放赎回,
2011-01-26,0.5574,2.4010,1.38%,开放申购,开放赎回,
2011-01-25,0.5498,2.3906,-0.61%,开放申购,开放赎回,
2011-01-24,0.5532,2.3953,-1.28%,开放申购,开放赎回,
2011-01-21,0.5604,2.4051,1.30%,开放申购,开放赎回,
2011-01-20,0.5532,2.3953,-2.62%,开放申购,开放赎回,
2011-01-19,0.5681,2.4156,1.52%,开放申购,开放赎回,
2011-01-18,0.5596,2.4040,-0.25%,开放申购,开放赎回,
2011-01-17,0.5610,2.4059,-3.18%,开放申购,开放赎回,
2011-01-14,0.5794,2.4310,-1.51%,开放申购,开放赎回,
2011-01-13,0.5883,2.4432,0.43%,开放申购,开放赎回,
2011-01-12,0.5858,2.4398,0.43%,开放申购,开放赎回,
2011-01-11,0.5833,2.4364,0.05%,开放申购,开放赎回,
2011-01-10,0.5830,2.4359,-1.34%,开放申购,开放赎回,
2011-01-07,0.5909,2.4467,0.37%,开放申购,开放赎回,
2011-01-06,0.5887,2.4437,-0.44%,开放申购,开放赎回,
2011-01-05,0.5913,2.4473,0.02%,开放申购,开放赎回,
2011-01-04,0.5912,2.4471,0.99%,开放申购,开放赎回,
2010-12-31,0.5854,2.4392,1.58%,开放申购,开放赎回,
2010-12-30,0.5763,2.4268,-0.47%,开放申购,开放赎回,
2010-12-29,0.5790,2.4305,0.77%,开放申购,开放赎回,
2010-12-28,0.5746,2.4245,-1.68%,开放申购,开放赎回,
2010-12-27,0.5844,2.4379,-2.14%,开放申购,开放赎回,
2010-12-24,0.5972,2.4553,-0.47%,开放申购,开放赎回,
2010-12-23,0.6000,2.4592,-1.04%,开放申购,开放赎回,
2010-12-22,0.6063,2.4678,-0.48%,开放申购,开放赎回,
2010-12-21,0.6092,2.4717,0.94%,开放申购,开放赎回,
2010-12-20,0.6035,2.4639,-1.05%,开放申购,开放赎回,
2010-12-17,0.6099,2.4727,0.07%,开放申购,开放赎回,
2010-12-16,0.6095,2.4721,-0.59%,开放申购,开放赎回,
2010-12-15,0.6131,2.4770,-0.31%,开放申购,开放赎回,
2010-12-14,0.6150,2.4796,0.52%,开放申购,开放赎回,
2010-12-13,0.6118,2.4753,2.72%,开放申购,开放赎回,
2010-12-10,0.5956,2.4531,1.07%,开放申购,开放赎回,
2010-12-09,0.5893,2.4445,-1.37%,开放申购,开放赎回,
2010-12-08,0.5975,2.4557,-0.55%,开放申购,开放赎回,
2010-12-07,0.6008,2.4602,0.84%,开放申购,开放赎回,
2010-12-06,0.5958,2.4534,-0.23%,开放申购,开放赎回,
2010-12-03,0.5972,2.4553,-0.43%,开放申购,开放赎回,
2010-12-02,0.5998,2.4589,0.40%,开放申购,开放赎回,
2010-12-01,0.5974,2.4556,0.03%,开放申购,开放赎回,
2010-11-30,0.5972,2.4553,-1.66%,开放申购,开放赎回,
2010-11-29,0.6073,2.4691,1.20%,开放申购,开放赎回,
2010-11-26,0.6001,2.4593,-0.35%,开放申购,开放赎回,
2010-11-25,0.6022,2.4622,0.90%,开放申购,开放赎回,
2010-11-24,0.5968,2.4548,2.10%,开放申购,开放赎回,
2010-11-23,0.5845,2.4380,-1.05%,开放申购,开放赎回,
2010-11-22,0.5907,2.4465,0.05%,开放申购,开放赎回,
2010-11-19,0.5904,2.4460,1.23%,开放申购,开放赎回,
2010-11-18,0.5832,2.4362,0.36%,开放申购,开放赎回,
2010-11-17,0.5811,2.4334,-1.73%,开放申购,开放赎回,
2010-11-16,0.5913,2.4473,-2.67%,开放申购,开放赎回,
2010-11-15,0.6075,2.4694,0.76%,开放申购,开放赎回,
2010-11-12,0.6029,2.4631,-4.45%,开放申购,开放赎回,
2010-11-11,0.6310,2.5015,0.43%,开放申购,开放赎回,
2010-11-10,0.6283,2.4978,-0.54%,开放申购,开放赎回,
2010-11-09,0.6317,2.5024,-0.57%,开放申购,开放赎回,
2010-11-08,0.6353,2.5073,1.65%,开放申购,开放赎回,
2010-11-05,0.6250,2.4933,1.69%,开放申购,开放赎回,
2010-11-04,0.6146,2.4791,1.22%,开放申购,开放赎回,
2010-11-03,0.6072,2.4690,-0.78%,开放申购,开放赎回,
2010-11-02,0.6120,2.4755,0.53%,开放申购,开放赎回,
2010-11-01,0.6088,2.4712,1.53%,开放申购,开放赎回,
2010-10-29,0.5996,2.4586,0.57%,开放申购,开放赎回,
2010-10-28,0.5962,2.4540,0.03%,开放申购,开放赎回,
2010-10-27,0.5960,2.4537,-0.83%,开放申购,开放赎回,
2010-10-26,0.6010,2.4605,0.25%,开放申购,开放赎回,
2010-10-25,0.5995,2.4585,1.39%,开放申购,开放赎回,
2010-10-22,0.5913,2.4473,0.85%,开放申购,开放赎回,
2010-10-21,0.5863,2.4404,-0.22%,开放申购,开放赎回,
2010-10-20,0.5876,2.4422,-0.09%,开放申购,开放赎回,
2010-10-19,0.5881,2.4429,1.45%,开放申购,开放赎回,
2010-10-18,0.5797,2.4314,1.08%,开放申购,开放赎回,
2010-10-15,0.5735,2.4230,1.41%,开放申购,开放赎回,
2010-10-14,0.5655,2.4121,-0.41%,开放申购,开放赎回,
2010-10-13,0.5678,2.4152,0.58%,开放申购,开放赎回,
2010-10-12,0.5645,2.4107,0.48%,开放申购,开放赎回,
2010-10-11,0.5618,2.4070,2.41%,开放申购,开放赎回,
2010-10-08,0.5486,2.3890,1.93%,开放申购,开放赎回,
2010-09-30,0.5382,2.3748,1.72%,开放申购,开放赎回,
2010-09-29,0.5291,2.3624,-0.21%,开放申购,开放赎回,
2010-09-28,0.5302,2.3639,-0.86%,开放申购,开放赎回,
2010-09-27,0.5348,2.3701,0.87%,开放申购,开放赎回,
2010-09-21,0.5302,2.3639,0.13%,开放申购,开放赎回,
2010-09-20,0.5295,2.3629,-0.34%,开放申购,开放赎回,
2010-09-17,0.5313,2.3654,-0.39%,开放申购,开放赎回,
2010-09-16,0.5334,2.3682,-1.17%,开放申购,开放赎回,
2010-09-15,0.5397,2.3768,-1.06%,开放申购,开放赎回,
2010-09-14,0.5455,2.3847,-0.02%,开放申购,开放赎回,
2010-09-13,0.5456,2.3849,0.81%,开放申购,开放赎回,
2010-09-10,0.5412,2.3789,0.22%,开放申购,开放赎回,
2010-09-09,0.5400,2.3772,-1.21%,开放申购,开放赎回,
2010-09-08,0.5466,2.3862,-0.42%,开放申购,开放赎回,
2010-09-07,0.5489,2.3894,0.04%,开放申购,开放赎回,
2010-09-06,0.5487,2.3891,1.46%,开放申购,开放赎回,
2010-09-03,0.5408,2.3783,0.28%,开放申购,开放赎回,
2010-09-02,0.5393,2.3763,0.95%,开放申购,开放赎回,
2010-09-01,0.5342,2.3693,-0.48%,开放申购,开放赎回,
2010-08-31,0.5368,2.3729,-0.33%,开放申购,开放赎回,
2010-08-30,0.5386,2.3753,1.09%,开放申购,开放赎回,
2010-08-27,0.5328,2.3674,0.11%,开放申购,开放赎回,
2010-08-26,0.5322,2.3666,0.02%,开放申购,开放赎回,
2010-08-25,0.5321,2.3665,-1.54%,开放申购,开放赎回,
2010-08-24,0.5404,2.3778,0.30%,开放申购,开放赎回,
2010-08-23,0.5388,2.3756,0.09%,开放申购,开放赎回,
2010-08-20,0.5383,2.3749,-0.57%,开放申购,开放赎回,
2010-08-19,0.5414,2.3791,0.43%,开放申购,开放赎回,
2010-08-18,0.5391,2.3760,-0.19%,开放申购,开放赎回,
2010-08-17,0.5401,2.3774,0.07%,开放申购,开放赎回,
2010-08-16,0.5397,2.3768,4.19%,开放申购,开放赎回,
2010-08-13,0.5180,2.3472,0.76%,开放申购,开放赎回,
2010-08-12,0.5141,2.3419,-0.77%,开放申购,开放赎回,
2010-08-11,0.5181,2.3473,0.15%,开放申购,开放赎回,
2010-08-10,0.5173,2.3462,-1.32%,开放申购,开放赎回,
2010-08-09,0.5242,2.3557,0.33%,开放申购,开放赎回,
2010-08-06,0.5225,2.3533,0.77%,开放申购,开放赎回,
2010-08-05,0.5185,2.3479,-0.54%,开放申购,开放赎回,
2010-08-04,0.5213,2.3517,0.27%,开放申购,开放赎回,
2010-08-03,0.5199,2.3498,-1.03%,开放申购,开放赎回,
2010-08-02,0.5253,2.3572,1.04%,开放申购,开放赎回,
2010-07-30,0.5199,2.3498,-0.12%,开放申购,开放赎回,
2010-07-29,0.5205,2.3506,0.58%,开放申购,开放赎回,
2010-07-28,0.5175,2.3465,1.43%,开放申购,开放赎回,
2010-07-27,0.5102,2.3366,-0.43%,开放申购,开放赎回,
2010-07-26,0.5124,2.3396,0.37%,开放申购,开放赎回,
2010-07-23,0.5105,2.3370,0.29%,开放申购,开放赎回,
2010-07-22,0.5090,2.3349,0.75%,开放申购,开放赎回,
2010-07-21,0.5052,2.3297,0.44%,开放申购,开放赎回,
2010-07-20,0.5030,2.3267,1.80%,开放申购,开放赎回,
2010-07-19,0.4941,2.3146,1.79%,开放申购,开放赎回,
2010-07-16,0.4854,2.3027,0.33%,开放申购,开放赎回,
2010-07-15,0.4838,2.3005,-1.33%,开放申购,开放赎回,
2010-07-14,0.4903,2.3094,0.72%,开放申购,开放赎回,
2010-07-13,0.4868,2.3046,-1.08%,开放申购,开放赎回,
2010-07-12,0.4921,2.3118,0.59%,开放申购,开放赎回,
2010-07-09,0.4892,2.3079,2.28%,开放申购,开放赎回,
2010-07-08,0.4783,2.2930,-0.44%,开放申购,开放赎回,
2010-07-07,0.4804,2.2959,0.48%,开放申购,开放赎回,
2010-07-06,0.4781,2.2927,1.42%,开放申购,开放赎回,
2010-07-05,0.4714,2.2836,-0.28%,开放申购,开放赎回,
2010-07-02,0.4727,2.2854,0.30%,开放申购,开放赎回,
2010-07-01,0.4713,2.2834,-0.97%,开放申购,开放赎回,
2010-06-30,0.4759,2.2897,-1.33%,开放申购,开放赎回,
2010-06-29,0.4823,2.2985,-3.09%,开放申购,开放赎回,
2010-06-28,0.4977,2.3195,-0.28%,开放申购,开放赎回,
2010-06-25,0.4991,2.3214,-0.42%,开放申购,开放赎回,
2010-06-24,0.5012,2.3243,0.14%,开放申购,开放赎回,
2010-06-23,0.5005,2.3233,-0.77%,开放申购,开放赎回,
2010-06-22,0.5044,2.3286,0.22%,开放申购,开放赎回,
2010-06-21,0.5033,2.3271,2.48%,开放申购,开放赎回,
2010-06-18,0.4911,2.3105,-1.50%,开放申购,开放赎回,
2010-06-17,0.4986,2.3207,-0.20%,开放申购,开放赎回,
2010-06-11,0.4996,2.3221,0.46%,开放申购,开放赎回,
2010-06-10,0.4973,2.3189,-0.74%,开放申购,开放赎回,
2010-06-09,0.5010,2.3240,1.93%,开放申购,开放赎回,
2010-06-08,0.4915,2.3110,0.08%,开放申购,开放赎回,
2010-06-07,0.4911,2.3105,-1.43%,开放申购,开放赎回,
2010-06-04,0.4982,2.3202,0.16%,开放申购,开放赎回,
2010-06-03,0.4974,2.3191,-0.44%,开放申购,开放赎回,
2010-06-02,0.4996,2.3221,0.50%,开放申购,开放赎回,
2010-06-01,0.4971,2.3187,-1.02%,开放申购,开放赎回,
2010-05-31,0.5022,2.3256,-2.05%,开放申购,开放赎回,
2010-05-28,0.5127,2.3400,-0.08%,开放申购,开放赎回,
2010-05-27,0.5131,2.3405,1.18%,开放申购,开放赎回,
2010-05-26,0.5071,2.3323,0.10%,开放申购,开放赎回,
2010-05-25,0.5066,2.3316,-1.59%,开放申购,开放赎回,
2010-05-24,0.5148,2.3428,2.84%,开放申购,开放赎回,
2010-05-21,0.5006,2.3234,1.19%,开放申购,开放赎回,
2010-05-20,0.4947,2.3154,-0.62%,开放申购,开放赎回,
2010-05-19,0.4978,2.3196,-0.46%,开放申购,开放赎回,
2010-05-18,0.5001,2.3228,1.48%,开放申购,开放赎回,
2010-05-17,0.4928,2.3128,-4.31%,开放申购,开放赎回,
2010-05-14,0.5150,2.3431,-0.37%,开放申购,开放赎回,
2010-05-13,0.5169,2.3457,1.45%,开放申购,开放赎回,
2010-05-12,0.5095,2.3356,-0.06%,开放申购,开放赎回,
2010-05-11,0.5098,2.3360,-1.16%,开放申购,开放赎回,
2010-05-10,0.5158,2.3442,0.64%,开放申购,开放赎回,
2010-05-07,0.5125,2.3397,-1.25%,开放申购,开放赎回,
2010-05-06,0.5190,2.3486,-3.32%,开放申购,开放赎回,
2010-05-05,0.5368,2.3729,0.69%,开放申购,开放赎回,
2010-05-04,0.5331,2.3678,-1.41%,开放申购,开放赎回,
2010-04-30,0.5407,2.3782,0.24%,开放申购,开放赎回,
2010-04-29,0.5394,2.3764,-0.70%,开放申购,开放赎回,
2010-04-28,0.5432,2.3816,-0.44%,开放申购,开放赎回,
2010-04-27,0.5456,2.3849,-1.55%,开放申购,开放赎回,
2010-04-26,0.5542,2.3966,-0.41%,开放申购,开放赎回,
2010-04-23,0.5565,2.3998,-0.13%,开放申购,开放赎回,
2010-04-22,0.5572,2.4007,-0.84%,开放申购,开放赎回,
2010-04-21,0.5619,2.4071,1.39%,开放申购,开放赎回,
2010-04-20,0.5542,2.3966,-0.45%,开放申购,开放赎回,
2010-04-19,0.5567,2.4000,-3.57%,开放申购,开放赎回,
2010-04-16,0.5773,2.4282,-0.48%,开放申购,开放赎回,
2010-04-15,0.5801,2.4320,-0.50%,开放申购,开放赎回,
2010-04-14,0.5830,2.4359,0.40%,开放申购,开放赎回,
2010-04-13,0.5807,2.4328,0.80%,开放申购,开放赎回,
2010-04-12,0.5761,2.4265,-0.43%,开放申购,开放赎回,
2010-04-09,0.5786,2.4299,0.78%,开放申购,开放赎回,
2010-04-08,0.5741,2.4238,-0.66%,开放申购,开放赎回,
2010-04-07,0.5779,2.4290,-0.03%,开放申购,开放赎回,
2010-04-06,0.5781,2.4293,-0.38%,开放申购,开放赎回,
2010-04-02,0.5803,2.4323,0.26%,开放申购,开放赎回,
2010-04-01,0.5788,2.4302,1.15%,开放申购,开放赎回,
2010-03-31,0.5722,2.4212,-0.31%,开放申购,开放赎回,
2010-03-30,0.5740,2.4237,-0.03%,开放申购,开放赎回,
2010-03-29,0.5742,2.4239,1.48%,开放申购,开放赎回,
2010-03-26,0.5658,2.4125,0.84%,开放申购,开放赎回,
2010-03-25,0.5611,2.4060,-0.83%,开放申购,开放赎回,
2010-03-24,0.5658,2.4125,0.37%,开放申购,开放赎回,
2010-03-23,0.5637,2.4096,-0.63%,开放申购,开放赎回,
2010-03-22,0.5673,2.4145,0.12%,开放申购,开放赎回,
2010-03-19,0.5666,2.4136,0.41%,开放申购,开放赎回,
2010-03-18,0.5643,2.4104,-0.19%,开放申购,开放赎回,
2010-03-17,0.5654,2.4119,1.82%,开放申购,开放赎回,
2010-03-16,0.5553,2.3981,0.36%,开放申购,开放赎回,
2010-03-15,0.5533,2.3954,-0.82%,开放申购,开放赎回,
2010-03-12,0.5579,2.4017,-0.98%,开放申购,开放赎回,
2010-03-11,0.5634,2.4092,0.04%,开放申购,开放赎回,
2010-03-10,0.5632,2.4089,-0.53%,开放申购,开放赎回,
2010-03-09,0.5662,2.4130,0.64%,开放申购,开放赎回,
2010-03-08,0.5626,2.4081,0.59%,开放申购,开放赎回,
2010-03-05,0.5593,2.4036,0.11%,开放申购,开放赎回,
2010-03-04,0.5587,2.4028,-1.83%,开放申购,开放赎回,
2010-03-03,0.5691,2.4170,0.46%,开放申购,开放赎回,
2010-03-02,0.5665,2.4134,-0.18%,开放申购,开放赎回,
2010-03-01,0.5675,2.4148,0.82%,开放申购,开放赎回,
2010-02-26,0.5629,2.4085,-0.11%,开放申购,开放赎回,
2010-02-25,0.5635,2.4093,1.08%,开放申购,开放赎回,
2010-02-24,0.5575,2.4011,1.40%,开放申购,开放赎回,
2010-02-23,0.5498,2.3906,-0.87%,开放申购,开放赎回,
2010-02-22,0.5546,2.3972,-0.47%,开放申购,开放赎回,
2010-02-12,0.5572,2.4007,0.87%,开放申购,开放赎回,
2010-02-11,0.5524,2.3942,0.24%,开放申购,开放赎回,
2010-02-10,0.5511,2.3924,1.18%,开放申购,开放赎回,
2010-02-09,0.5447,2.3837,0.28%,开放申购,开放赎回,
2010-02-08,0.5432,2.3816,-0.07%,开放申购,开放赎回,
2010-02-05,0.5436,2.3822,-1.74%,开放申购,开放赎回,
2010-02-04,0.5532,2.3953,-0.31%,开放申购,开放赎回,
2010-02-03,0.5549,2.3976,1.56%,开放申购,开放赎回,
2010-02-02,0.5464,2.3860,-0.26%,开放申购,开放赎回,
2010-02-01,0.5478,2.3879,-0.89%,开放申购,开放赎回,
2010-01-29,0.5527,2.3946,-0.05%,开放申购,开放赎回,
2010-01-28,0.5530,2.3950,0.20%,开放申购,开放赎回,
2010-01-27,0.5519,2.3935,-0.83%,开放申购,开放赎回,
2010-01-26,0.5565,2.3998,-1.92%,开放申购,开放赎回,
2010-01-25,0.5674,2.4146,-0.60%,开放申购,开放赎回,
2010-01-22,0.5708,2.4193,-1.28%,开放申购,开放赎回,
2010-01-21,0.5782,2.4294,0.57%,开放申购,开放赎回,
2010-01-20,0.5749,2.4249,-2.24%,开放申购,开放赎回,
2010-01-19,0.5881,2.4429,0.09%,开放申购,开放赎回,
2010-01-18,0.5876,2.4422,0.31%,开放申购,开放赎回,
2010-01-15,0.5858,2.4398,0.67%,开放申购,开放赎回,
2010-01-14,0.5819,2.4344,1.39%,开放申购,开放赎回,
2010-01-13,0.5739,2.4235,-1.58%,开放申购,开放赎回,
2010-01-12,0.5831,2.4361,1.60%,开放申购,开放赎回,
2010-01-11,0.5739,2.4235,0.46%,开放申购,开放赎回,
2010-01-08,0.5713,2.4200,0.19%,开放申购,开放赎回,
2010-01-07,0.5702,2.4185,-1.40%,开放申购,开放赎回,
2010-01-06,0.5783,2.4295,-0.46%,开放申购,开放赎回,
2010-01-05,0.5810,2.4332,0.97%,开放申购,开放赎回,
2010-01-04,0.5754,2.4256,-0.62%,开放申购,开放赎回,
2009-12-31,0.5790,2.4305,0.42%,开放申购,开放赎回,
2009-12-30,0.5766,2.4272,0.87%,开放申购,开放赎回,
2009-12-29,0.5716,2.4204,0.39%,开放申购,开放赎回,
2009-12-28,0.5694,2.4174,0.83%,开放申购,开放赎回,
2009-12-25,0.5647,2.4110,-0.04%,开放申购,开放赎回,
2009-12-24,0.5649,2.4112,2.28%,开放申购,开放赎回,
2009-12-23,0.5523,2.3940,1.12%,开放申购,开放赎回,
2009-12-22,0.5462,2.3857,-1.32%,开放申购,开放赎回,
2009-12-21,0.5535,2.3957,0.51%,开放申购,开放赎回,
2009-12-18,0.5507,2.3918,-1.89%,开放申购,开放赎回,
2009-12-17,0.5613,2.4063,-1.94%,开放申购,开放赎回,
2009-12-16,0.5724,2.4215,-0.56%,开放申购,开放赎回,
2009-12-15,0.5756,2.4258,-0.26%,开放申购,开放赎回,
2009-12-14,0.5771,2.4279,0.12%,开放申购,开放赎回,
2009-12-11,0.5764,2.4269,-0.02%,开放申购,开放赎回,
2009-12-10,0.5765,2.4271,0.38%,开放申购,开放赎回,
2009-12-09,0.5743,2.4241,-0.98%,开放申购,开放赎回,
2009-12-08,0.5800,2.4318,-0.38%,开放申购,开放赎回,
2009-12-07,0.5822,2.4349,0.71%,开放申购,开放赎回,
2009-12-04,0.5781,2.4293,0.23%,开放申购,开放赎回,
2009-12-03,0.5768,2.4275,-0.03%,开放申购,开放赎回,
2009-12-02,0.5770,2.4278,0.51%,开放申购,开放赎回,
2009-12-01,0.5741,2.4238,1.43%,开放申购,开放赎回,
2009-11-30,0.5660,2.4127,3.06%,开放申购,开放赎回,
2009-11-27,0.5492,2.3898,-1.36%,开放申购,开放赎回,
2009-11-26,0.5568,2.4002,-3.08%,开放申购,开放赎回,
2009-11-25,0.5745,2.4243,1.95%,开放申购,开放赎回,
2009-11-24,0.5635,2.4093,-2.96%,开放申购,开放赎回,
2009-11-23,0.5807,2.4328,0.48%,开放申购,开放赎回,
2009-11-20,0.5779,2.4290,-0.21%,开放申购,开放赎回,
2009-11-19,0.5791,2.4306,0.23%,开放申购,开放赎回,
2009-11-18,0.5778,2.4288,-0.14%,开放申购,开放赎回,
2009-11-17,0.5786,2.4299,-0.05%,开放申购,开放赎回,
2009-11-16,0.5789,2.4303,1.38%,开放申购,开放赎回,
2009-11-13,0.5710,2.4196,-0.38%,开放申购,开放赎回,
2009-11-12,0.5732,2.4226,-0.05%,开放申购,开放赎回,
2009-11-11,0.5735,2.4230,0.23%,开放申购,开放赎回,
2009-11-10,0.5722,2.4212,-0.03%,开放申购,开放赎回,
2009-11-09,0.5724,2.4215,0.12%,开放申购,开放赎回,
2009-11-06,0.5717,2.4205,0.16%,开放申购,开放赎回,
2009-11-05,0.5708,2.4193,-0.04%,开放申购,开放赎回,
2009-11-04,0.5710,2.4196,-0.05%,开放申购,开放赎回,
2009-11-03,0.5713,2.4200,0.67%,开放申购,开放赎回,
2009-11-02,0.5675,2.4148,3.29%,开放申购,开放赎回,
2009-10-30,0.5494,2.3901,0.96%,开放申购,开放赎回,
2009-10-29,0.5442,2.3830,-1.95%,开放申购,开放赎回,
2009-10-28,0.5550,2.3977,-0.11%,开放申购,开放赎回,
2009-10-27,0.5556,2.3985,-2.13%,开放申购,开放赎回,
2009-10-26,0.5677,2.4151,0.02%,开放申购,开放赎回,
2009-10-23,0.5676,2.4149,1.56%,开放申购,开放赎回,
2009-10-22,0.5589,2.4030,-0.48%,开放申购,开放赎回,
2009-10-21,0.5616,2.4067,-0.67%,开放申购,开放赎回,
2009-10-20,0.5654,2.4119,1.09%,开放申购,开放赎回,
2009-10-19,0.5593,2.4036,2.23%,开放申购,开放赎回,
2009-10-16,0.5471,2.3869,-0.27%,开放申购,开放赎回,
2009-10-15,0.5486,2.3890,-0.11%,开放申购,开放赎回,
2009-10-14,0.5492,2.3898,0.02%,开放申购,开放赎回,
2009-10-13,0.5491,2.3897,0.15%,开放申购,开放赎回,
2009-10-12,0.5483,2.3886,0.09%,开放申购,开放赎回,
2009-10-09,0.5478,2.3879,1.84%,开放申购,开放赎回,
2009-09-30,0.5379,2.3744,0.15%,开放申购,开放赎回,
2009-09-29,0.5371,2.3733,-0.37%,开放申购,开放赎回,
2009-09-28,0.5391,2.3760,-0.41%,开放申购,开放赎回,
2009-09-25,0.5413,2.3790,-0.04%,开放申购,开放赎回,
2009-09-24,0.5415,2.3793,-1.08%,开放申购,开放赎回,
2009-09-23,0.5474,2.3873,-1.71%,开放申购,开放赎回,
2009-09-22,0.5569,2.4003,-0.80%,开放申购,开放赎回,
2009-09-21,0.5614,2.4065,1.74%,开放申购,开放赎回,
2009-09-18,0.5518,2.3933,-2.78%,开放申购,开放赎回,
2009-09-17,0.5676,2.4149,0.60%,开放申购,开放赎回,
2009-09-16,0.5642,2.4103,-0.86%,开放申购,开放赎回,
2009-09-15,0.5691,2.4170,-0.23%,开放申购,开放赎回,
2009-09-14,0.5704,2.4187,0.18%,开放申购,开放赎回,
2009-09-11,0.5694,2.4174,1.01%,开放申购,开放赎回,
2009-09-10,0.5637,2.4096,-0.21%,开放申购,开放赎回,
2009-09-09,0.5649,2.4112,0.00%,开放申购,开放赎回,
2009-09-08,0.5649,2.4112,0.36%,开放申购,开放赎回,
2009-09-07,0.5629,2.4085,0.18%,开放申购,开放赎回,
2009-09-04,0.5619,2.4071,-0.04%,开放申购,开放赎回,
2009-09-03,0.5621,2.4074,0.90%,开放申购,开放赎回,
2009-09-02,0.5571,2.4006,0.54%,开放申购,开放赎回,
2009-09-01,0.5541,2.3965,0.29%,开放申购,开放赎回,
2009-08-31,0.5525,2.3943,-2.85%,开放申购,开放赎回,
2009-08-28,0.5687,2.4164,-2.75%,开放申购,开放赎回,
2009-08-27,0.5848,2.4384,-0.81%,开放申购,开放赎回,
2009-08-26,0.5896,2.4450,1.15%,开放申购,开放赎回,
2009-08-25,0.5829,2.4358,-3.45%,开放申购,开放赎回,
2009-08-24,0.6037,2.4642,0.75%,开放申购,开放赎回,
2009-08-21,0.5992,2.4581,1.42%,开放申购,开放赎回,
2009-08-20,0.5908,2.4466,3.61%,开放申购,开放赎回,
2009-08-19,0.5702,2.4185,-4.71%,开放申购,开放赎回,
2009-08-18,0.5984,2.4570,0.83%,开放申购,开放赎回,
2009-08-17,0.5935,2.4503,-5.02%,开放申购,开放赎回,
2009-08-14,0.6249,2.4931,-1.50%,开放申购,开放赎回,
2009-08-13,0.6344,2.5061,1.80%,开放申购,开放赎回,
2009-08-12,0.6232,2.4908,-3.57%,开放申购,开放赎回,
2009-08-11,0.6463,2.5224,-0.17%,开放申购,开放赎回,
2009-08-10,0.6474,2.5239,-0.29%,开放申购,开放赎回,
2009-08-07,0.6493,2.5265,-2.73%,开放申购,开放赎回,
2009-08-06,0.6675,2.5513,-2.30%,开放申购,开放赎回,
2009-08-05,0.6832,2.5727,-1.63%,开放申购,开放赎回,
2009-08-04,0.6945,2.5882,0.22%,开放申购,开放赎回,
2009-08-03,0.6930,2.5861,1.09%,开放申购,开放赎回,
2009-07-31,0.6855,2.5759,1.17%,开放申购,开放赎回,
2009-07-30,0.6776,2.5651,0.41%,开放申购,开放赎回,
2009-07-29,0.6748,2.5613,-4.28%,开放申购,开放赎回,
2009-07-28,0.7050,2.6025,-0.07%,开放申购,开放赎回,
2009-07-27,0.7055,2.6032,0.60%,开放申购,开放赎回,
2009-07-24,0.7013,2.5975,-0.10%,开放申购,开放赎回,
2009-07-23,0.7020,2.5984,1.33%,开放申购,开放赎回,
2009-07-22,0.6928,2.5858,1.41%,开放申购,开放赎回,
2009-07-21,0.6832,2.5727,-0.94%,开放申购,开放赎回,
2009-07-20,0.6897,2.5816,0.79%,开放申购,开放赎回,
2009-07-17,0.6843,2.5742,0.31%,开放申购,开放赎回,
2009-07-16,0.6822,2.5714,0.44%,开放申购,开放赎回,
2009-07-15,0.6792,2.5673,0.56%,开放申购,开放赎回,
2009-07-14,0.6754,2.5621,2.50%,开放申购,开放赎回,
2009-07-13,0.6589,2.5396,-1.47%,开放申购,开放赎回,
2009-07-10,0.6687,2.5529,-0.02%,开放申购,开放赎回,
2009-07-09,0.6688,2.5531,0.03%,开放申购,开放赎回,
2009-07-08,0.6686,2.5528,1.12%,开放申购,开放赎回,
2009-07-07,0.6612,2.5427,-2.13%,开放申购,开放赎回,
2009-07-06,0.6756,2.5624,0.55%,开放申购,开放赎回,
2009-07-03,0.6719,2.5573,2.02%,开放申购,开放赎回,
2009-07-02,0.6586,2.5392,1.06%,开放申购,开放赎回,
2009-07-01,0.6517,2.5297,2.48%,开放申购,开放赎回,
2009-06-30,0.6359,2.5082,-0.36%,开放申购,开放赎回,
2009-06-29,0.6382,2.5113,1.03%,开放申购,开放赎回,
2009-06-26,0.6317,2.5024,0.59%,开放申购,开放赎回,
2009-06-25,0.6280,2.4974,0.37%,开放申购,开放赎回,
2009-06-24,0.6257,2.4942,0.55%,开放申购,开放赎回,
2009-06-23,0.6223,2.4896,0.16%,开放申购,开放赎回,
2009-06-22,0.6213,2.4882,0.45%,开放申购,开放赎回,
2009-06-19,0.6185,2.4844,0.45%,开放申购,开放赎回,
2009-06-18,0.6157,2.4806,1.10%,开放申购,开放赎回,
2009-06-17,0.6090,2.4714,1.65%,开放申购,开放赎回,
2009-06-16,0.5991,2.4579,-0.17%,开放申购,开放赎回,
2009-06-15,0.6001,2.4593,0.93%,开放申购,开放赎回,
2009-06-12,0.5946,2.4518,-1.10%,开放申购,开放赎回,
2009-06-11,0.6012,2.4608,-1.02%,开放申购,开放赎回,
2009-06-10,0.6074,2.4693,0.28%,开放申购,开放赎回,
2009-06-09,0.6057,2.4669,-0.12%,开放申购,开放赎回,
2009-06-08,0.6064,2.4679,0.02%,开放申购,开放赎回,
2009-06-05,0.6063,2.4678,-0.59%,开放申购,开放赎回,
2009-06-04,0.6099,2.4727,0.38%,开放申购,开放赎回,
2009-06-03,0.6076,2.4695,1.42%,开放申购,开放赎回,
2009-06-02,0.5991,2.4579,-0.33%,开放申购,开放赎回,
2009-06-01,0.6011,2.4607,0.05%,开放申购,开放赎回,
2009-05-27,0.6008,2.4602,0.12%,开放申购,开放赎回,
2009-05-26,0.6001,2.4593,0.00%,开放申购,开放赎回,
2009-05-25,0.6001,2.4593,-0.03%,开放申购,开放赎回,
2009-05-22,0.6003,2.4596,0.00%,开放申购,开放赎回,
2009-05-21,0.6003,2.4596,-0.12%,开放申购,开放赎回,
2009-05-20,0.6010,2.4605,-0.05%,开放申购,开放赎回,
2009-05-19,0.6013,2.4609,0.10%,开放申购,开放赎回,
2009-05-18,0.6007,2.4601,0.03%,开放申购,开放赎回,
2009-05-15,0.6005,2.4598,0.00%,开放申购,开放赎回,
2009-05-14,0.6005,2.4598,-0.05%,开放申购,开放赎回,
2009-05-13,0.6008,2.4602,-0.05%,开放申购,开放赎回,
2009-05-12,0.6011,2.4607,0.10%,开放申购,开放赎回,
2009-05-11,0.6005,2.4598,0.02%,开放申购,开放赎回,
2009-05-08,0.6004,2.4597,-0.20%,开放申购,开放赎回,
2009-05-07,0.6016,2.4613,-0.46%,开放申购,开放赎回,
2009-05-06,0.6044,2.4652,0.07%,开放申购,开放赎回,
2009-05-05,0.6040,2.4646,0.10%,开放申购,开放赎回,
2009-05-04,0.6034,2.4638,0.12%,开放申购,开放赎回,
2009-04-30,0.6027,2.4628,0.03%,开放申购,开放赎回,
2009-04-29,0.6025,2.4626,0.03%,开放申购,开放赎回,
2009-04-28,0.6023,2.4623,-0.02%,开放申购,开放赎回,
2009-04-27,0.6024,2.4624,-0.68%,开放申购,开放赎回,
2009-04-24,0.6065,2.4680,-0.15%,开放申购,开放赎回,
2009-04-23,0.6074,2.4693,0.13%,开放申购,开放赎回,
2009-04-22,0.6066,2.4682,-1.19%,开放申购,开放赎回,
2009-04-21,0.6139,2.4781,-1.10%,开放申购,开放赎回,
2009-04-20,0.6207,2.4874,0.80%,开放申购,开放赎回,
2009-04-17,0.6158,2.4807,-1.36%,开放申购,开放赎回,
2009-04-16,0.6243,2.4923,-0.41%,开放申购,开放赎回,
2009-04-15,0.6269,2.4959,1.06%,开放申购,开放赎回,
2009-04-14,0.6203,2.4869,0.37%,开放申购,开放赎回,
2009-04-13,0.6180,2.4837,1.20%,开放申购,开放赎回,
2009-04-10,0.6107,2.4738,2.69%,开放申购,开放赎回,
2009-04-09,0.5947,2.4519,1.38%,开放申购,开放赎回,
2009-04-08,0.5866,2.4409,-3.11%,开放申购,开放赎回,
2009-04-07,0.6054,2.4665,-0.18%,开放申购,开放赎回,
2009-04-03,0.6065,2.4680,-0.48%,开放申购,开放赎回,
2009-04-02,0.6094,2.4720,-0.07%,开放申购,开放赎回,
2009-04-01,0.6098,2.4725,0.15%,开放申购,开放赎回,
2009-03-31,0.6089,2.4713,0.02%,开放申购,开放赎回,
2009-03-30,0.6088,2.4712,-0.07%,开放申购,开放赎回,
2009-03-27,0.6092,2.4717,0.15%,开放申购,开放赎回,
2009-03-26,0.6083,2.4705,0.23%,开放申购,开放赎回,
2009-03-25,0.6069,2.4686,-1.35%,开放申购,开放赎回,
2009-03-24,0.6152,2.4799,0.34%,开放申购,开放赎回,
2009-03-23,0.6131,2.4770,2.20%,开放申购,开放赎回,
2009-03-20,0.5999,2.4590,0.54%,开放申购,开放赎回,
2009-03-19,0.5967,2.4546,1.77%,开放申购,开放赎回,
2009-03-18,0.5863,2.4404,0.77%,开放申购,开放赎回,
2009-03-17,0.5818,2.4343,3.21%,开放申购,开放赎回,
2009-03-16,0.5637,2.4096,1.62%,开放申购,开放赎回,
2009-03-13,0.5547,2.3973,-0.56%,开放申购,开放赎回,
2009-03-12,0.5578,2.4015,-0.11%,开放申购,开放赎回,
2009-03-11,0.5584,2.4024,-0.66%,开放申购,开放赎回,
2009-03-10,0.5621,2.4074,1.72%,开放申购,开放赎回,
2009-03-09,0.5526,2.3944,-3.05%,开放申购,开放赎回,
2009-03-06,0.5700,2.4182,-0.73%,开放申购,开放赎回,
2009-03-05,0.5742,2.4239,0.14%,开放申购,开放赎回,
2009-03-04,0.5734,2.4228,1.18%,开放申购,开放赎回,
2009-03-03,0.5667,2.4137,-0.05%,开放申购,开放赎回,
2009-03-02,0.5670,2.4141,0.11%,开放申购,开放赎回,
2009-02-27,0.5664,2.4133,-0.14%,开放申购,开放赎回,
2009-02-26,0.5672,2.4144,-0.23%,开放申购,开放赎回,
2009-02-25,0.5685,2.4161,0.00%,开放申购,开放赎回,
2009-02-24,0.5685,2.4161,-0.14%,开放申购,开放赎回,
2009-02-23,0.5693,2.4172,0.16%,开放申购,开放赎回,
2009-02-20,0.5684,2.4160,0.05%,开放申购,开放赎回,
2009-02-19,0.5681,2.4156,0.14%,开放申购,开放赎回,
2009-02-18,0.5673,2.4145,-0.16%,开放申购,开放赎回,
2009-02-17,0.5682,2.4157,-0.11%,开放申购,开放赎回,
2009-02-16,0.5688,2.4166,0.00%,开放申购,开放赎回,
2009-02-13,0.5688,2.4166,0.00%,开放申购,开放赎回,
2009-02-12,0.5688,2.4166,-0.04%,开放申购,开放赎回,
2009-02-11,0.5690,2.4168,-0.04%,开放申购,开放赎回,
2009-02-10,0.5692,2.4171,0.41%,开放申购,开放赎回,
2009-02-09,0.5669,2.4140,0.16%,开放申购,开放赎回,
2009-02-06,0.5660,2.4127,0.27%,开放申购,开放赎回,
2009-02-05,0.5645,2.4107,-0.07%,开放申购,开放赎回,
2009-02-04,0.5649,2.4112,2.17%,开放申购,开放赎回,
2009-02-03,0.5529,2.3949,1.30%,开放申购,开放赎回,
2009-02-02,0.5458,2.3852,0.15%,开放申购,开放赎回,
2009-01-23,0.5450,2.3841,0.06%,开放申购,开放赎回,
2009-01-22,0.5447,2.3837,1.36%,开放申购,开放赎回,
2009-01-21,0.5374,2.3737,0.47%,开放申购,开放赎回,
2009-01-20,0.5349,2.3703,0.62%,开放申购,开放赎回,
2009-01-19,0.5316,2.3658,0.30%,开放申购,开放赎回,
2009-01-16,0.5300,2.3636,-0.19%,开放申购,开放赎回,
2009-01-15,0.5310,2.3650,-0.15%,开放申购,开放赎回,
2009-01-14,0.5318,2.3660,0.02%,开放申购,开放赎回,
2009-01-13,0.5317,2.3659,-0.06%,开放申购,开放赎回,
2009-01-12,0.5320,2.3663,0.08%,开放申购,开放赎回,
2009-01-09,0.5316,2.3658,0.04%,开放申购,开放赎回,
2009-01-08,0.5314,2.3655,0.06%,开放申购,开放赎回,
2009-01-07,0.5311,2.3651,-0.02%,开放申购,开放赎回,
2009-01-06,0.5312,2.3652,0.08%,开放申购,开放赎回,
2009-01-05,0.5308,2.3647,0.26%,开放申购,开放赎回,
2008-12-31,0.5294,2.3628,0.04%,开放申购,开放赎回,
2008-12-30,0.5292,2.3625,-0.09%,开放申购,开放赎回,
2008-12-29,0.5297,2.3632,-0.39%,开放申购,开放赎回,
2008-12-26,0.5318,2.3660,0.06%,开放申购,开放赎回,
2008-12-25,0.5315,2.3656,-0.45%,开放申购,开放赎回,
2008-12-24,0.5339,2.3689,-0.35%,开放申购,开放赎回,
2008-12-23,0.5358,2.3715,-1.81%,开放申购,开放赎回,
2008-12-22,0.5457,2.3850,0.26%,开放申购,开放赎回,
2008-12-19,0.5443,2.3831,0.59%,开放申购,开放赎回,
2008-12-18,0.5411,2.3787,0.48%,开放申购,开放赎回,
2008-12-17,0.5385,2.3752,0.62%,开放申购,开放赎回,
2008-12-16,0.5352,2.3707,0.38%,开放申购,开放赎回,
2008-12-15,0.5332,2.3680,0.32%,开放申购,开放赎回,
2008-12-12,0.5315,2.3656,-0.86%,开放申购,开放赎回,
2008-12-11,0.5361,2.3719,-0.80%,开放申购,开放赎回,
2008-12-10,0.5404,2.3778,0.69%,开放申购,开放赎回,
2008-12-09,0.5367,2.3727,-0.83%,开放申购,开放赎回,
2008-12-08,0.5412,2.3789,0.78%,开放申购,开放赎回,
2008-12-05,0.5370,2.3731,0.36%,开放申购,开放赎回,
2008-12-04,0.5351,2.3705,0.24%,开放申购,开放赎回,
2008-12-03,0.5338,2.3688,1.14%,开放申购,开放赎回,
2008-12-02,0.5278,2.3606,0.50%,开放申购,开放赎回,
2008-12-01,0.5252,2.3570,0.88%,开放申购,开放赎回,
2008-11-28,0.5206,2.3508,-0.40%,开放申购,开放赎回,
2008-11-27,0.5227,2.3536,0.48%,开放申购,开放赎回,
2008-11-26,0.5202,2.3502,0.27%,开放申购,开放赎回,
2008-11-25,0.5188,2.3483,-0.17%,开放申购,开放赎回,
2008-11-24,0.5197,2.3495,-1.05%,开放申购,开放赎回,
2008-11-21,0.5252,2.3570,-0.44%,开放申购,开放赎回,
2008-11-20,0.5275,2.3602,-0.40%,开放申购,开放赎回,
2008-11-19,0.5296,2.3630,2.62%,开放申购,开放赎回,
2008-11-18,0.5161,2.3446,-3.50%,开放申购,开放赎回,
2008-11-17,0.5348,2.3701,1.25%,开放申购,开放赎回,
2008-11-14,0.5282,2.3611,1.40%,开放申购,开放赎回,
2008-11-13,0.5209,2.3512,1.78%,开放申购,开放赎回,
2008-11-12,0.5118,2.3387,0.31%,开放申购,开放赎回,
2008-11-11,0.5102,2.3366,-0.53%,开放申购,开放赎回,
2008-11-10,0.5129,2.3402,2.52%,开放申购,开放赎回,
2008-11-07,0.5003,2.3230,0.52%,开放申购,开放赎回,
2008-11-06,0.4977,2.3195,-0.94%,开放申购,开放赎回,
2008-11-05,0.5024,2.3259,1.43%,开放申购,开放赎回,
2008-11-04,0.4953,2.3162,-0.14%,开放申购,开放赎回,
2008-11-03,0.4960,2.3172,-0.06%,开放申购,开放赎回,
2008-10-31,0.4963,2.3176,-0.52%,开放申购,开放赎回,
2008-10-30,0.4989,2.3211,0.22%,开放申购,开放赎回,
2008-10-29,0.4978,2.3196,-1.23%,开放申购,开放赎回,
2008-10-28,0.5040,2.3281,0.94%,开放申购,开放赎回,
2008-10-27,0.4993,2.3217,-3.16%,开放申购,开放赎回,
2008-10-24,0.5156,2.3439,-1.25%,开放申购,开放赎回,
2008-10-23,0.5221,2.3528,0.08%,开放申购,开放赎回,
2008-10-22,0.5217,2.3523,-1.38%,开放申购,开放赎回,
2008-10-21,0.5290,2.3622,-0.56%,开放申购,开放赎回,
2008-10-20,0.5320,2.3663,1.12%,开放申购,开放赎回,
2008-10-17,0.5261,2.3583,0.00%,开放申购,开放赎回,
2008-10-16,0.5261,2.3583,-1.85%,开放申购,开放赎回,
2008-10-15,0.5360,2.3718,-0.94%,开放申购,开放赎回,
2008-10-14,0.5411,2.3787,-0.88%,开放申购,开放赎回,
2008-10-13,0.5459,2.3853,1.13%,开放申购,开放赎回,
2008-10-10,0.5398,2.3770,-2.81%,开放申购,开放赎回,
2008-10-09,0.5554,2.3983,-0.84%,开放申购,开放赎回,
2008-10-08,0.5601,2.4047,-1.30%,开放申购,开放赎回,
2008-10-07,0.5675,2.4148,-1.03%,开放申购,开放赎回,
2008-10-06,0.5734,2.4228,-2.35%,开放申购,开放赎回,
2008-09-30,0.5872,2.4417,0.00%,开放申购,开放赎回,
2008-09-26,0.5872,2.4417,0.46%,开放申购,开放赎回,
2008-09-25,0.5845,2.4380,1.46%,开放申购,开放赎回,
2008-09-24,0.5761,2.4265,-0.28%,开放申购,开放赎回,
2008-09-23,0.5777,2.4287,-3.05%,开放申购,开放赎回,
2008-09-22,0.5959,2.4536,0.73%,开放申购,开放赎回,
2008-09-19,0.5916,2.4477,3.90%,开放申购,开放赎回,
2008-09-18,0.5694,2.4174,-0.51%,开放申购,开放赎回,
2008-09-17,0.5723,2.4213,-1.26%,开放申购,开放赎回,
2008-09-16,0.5796,2.4313,-0.55%,开放申购,开放赎回,
2008-09-12,0.5828,2.4357,0.24%,开放申购,开放赎回,
2008-09-11,0.5814,2.4338,-1.11%,开放申购,开放赎回,
2008-09-10,0.5879,2.4426,0.00%,开放申购,开放赎回,
2008-09-09,0.5879,2.4426,-0.14%,开放申购,开放赎回,
2008-09-08,0.5887,2.4437,-1.08%,开放申购,开放赎回,
2008-09-05,0.5951,2.4525,-1.20%,开放申购,开放赎回,
2008-09-04,0.6023,2.4623,0.43%,开放申购,开放赎回,
2008-09-03,0.5997,2.4587,-1.64%,开放申购,开放赎回,
2008-09-02,0.6097,2.4724,-1.01%,开放申购,开放赎回,
2008-09-01,0.6159,2.4809,-1.96%,开放申购,开放赎回,
2008-08-29,0.6282,2.4977,1.08%,开放申购,开放赎回,
2008-08-28,0.6215,2.4885,-0.08%,开放申购,开放赎回,
2008-08-27,0.6220,2.4892,-0.70%,开放申购,开放赎回,
2008-08-26,0.6264,2.4952,-1.71%,开放申购,开放赎回,
2008-08-25,0.6373,2.5101,0.22%,开放申购,开放赎回,
2008-08-22,0.6359,2.5082,-1.20%,开放申购,开放赎回,
2008-08-21,0.6436,2.5187,-2.08%,开放申购,开放赎回,
2008-08-20,0.6573,2.5374,3.50%,开放申购,开放赎回,
2008-08-19,0.6351,2.5071,1.18%,开放申购,开放赎回,
2008-08-18,0.6277,2.4970,-2.68%,开放申购,开放赎回,
2008-08-15,0.6450,2.5206,-0.17%,开放申购,开放赎回,
2008-08-14,0.6461,2.5221,-0.08%,开放申购,开放赎回,
2008-08-13,0.6466,2.5228,-0.02%,开放申购,开放赎回,
2008-08-12,0.6467,2.5229,-0.23%,开放申购,开放赎回,
2008-08-11,0.6482,2.5250,-3.70%,开放申购,开放赎回,
2008-08-08,0.6731,2.5590,-2.07%,开放申购,开放赎回,
2008-08-07,0.6873,2.5783,0.04%,开放申购,开放赎回,
2008-08-06,0.6870,2.5779,-0.10%,开放申购,开放赎回,
2008-08-05,0.6877,2.5789,-1.60%,开放申购,开放赎回,
2008-08-04,0.6989,2.5942,-0.71%,开放申购,开放赎回,
2008-08-01,0.7039,2.6010,0.69%,开放申购,开放赎回,
2008-07-31,0.6991,2.5945,-1.38%,开放申购,开放赎回,
2008-07-30,0.7089,2.6078,-0.46%,开放申购,开放赎回,
2008-07-29,0.7122,2.6123,-0.39%,开放申购,开放赎回,
2008-07-28,0.7150,2.6162,-0.07%,开放申购,开放赎回,
2008-07-25,0.7155,2.6168,0.07%,开放申购,开放赎回,
2008-07-24,0.7150,2.6162,1.05%,开放申购,开放赎回,
2008-07-23,0.7076,2.6061,-1.04%,开放申购,开放赎回,
2008-07-22,0.7150,2.6162,0.08%,开放申购,开放赎回,
2008-07-21,0.7144,2.6153,1.28%,开放申购,开放赎回,
2008-07-18,0.7054,2.6031,1.61%,开放申购,开放赎回,
2008-07-17,0.6942,2.5878,-0.37%,开放申购,开放赎回,
2008-07-16,0.6968,2.5913,-1.93%,开放申购,开放赎回,
2008-07-15,0.7105,2.6100,-1.76%,开放申购,开放赎回,
2008-07-14,0.7232,2.6274,0.74%,开放申购,开放赎回,
2008-07-11,0.7179,2.6201,-0.53%,开放申购,开放赎回,
2008-07-10,0.7217,2.6253,-0.62%,开放申购,开放赎回,
2008-07-09,0.7262,2.6314,1.11%,开放申购,开放赎回,
2008-07-08,0.7182,2.6205,0.43%,开放申购,开放赎回,
2008-07-07,0.7151,2.6163,2.51%,开放申购,开放赎回,
2008-07-04,0.6976,2.5924,0.14%,开放申购,开放赎回,
2008-07-03,0.6966,2.5910,2.47%,开放申购,开放赎回,
2008-07-02,0.6798,2.5681,0.58%,开放申购,开放赎回,
2008-07-01,0.6759,2.5628,-1.27%,开放申购,开放赎回,
2008-06-30,0.6846,2.5747,0.41%,开放申购,开放赎回,
2008-06-27,0.6818,2.5708,-3.73%,开放申购,开放赎回,
2008-06-26,0.7082,2.6069,0.20%,开放申购,开放赎回,
2008-06-25,0.7068,2.6050,3.05%,开放申购,开放赎回,
2008-06-24,0.6859,2.5764,1.64%,开放申购,开放赎回,
2008-06-23,0.6748,2.5613,-1.47%,开放申购,开放赎回,
2008-06-20,0.6849,2.5751,1.81%,开放申购,开放赎回,
2008-06-19,0.6727,2.5584,-4.58%,开放申购,开放赎回,
2008-06-18,0.7050,2.6025,3.40%,开放申购,开放赎回,
2008-06-17,0.6818,2.5708,-2.04%,开放申购,开放赎回,
2008-06-16,0.6960,2.5902,-1.08%,开放申购,开放赎回,
2008-06-13,0.7036,2.6006,-2.56%,开放申购,开放赎回,
2008-06-12,0.7221,2.6259,-0.50%,开放申购,开放赎回,
2008-06-11,0.7257,2.6308,-1.10%,开放申购,开放赎回,
2008-06-10,0.7338,2.6418,-3.93%,开放申购,开放赎回,
2008-06-06,0.7638,2.6828,-0.13%,开放申购,开放赎回,
2008-06-05,0.7648,2.6841,-0.42%,开放申购,开放赎回,
2008-06-04,0.7680,2.6885,-1.60%,开放申购,开放赎回,
2008-06-03,0.7805,2.7056,0.21%,开放申购,开放赎回,
2008-06-02,0.7789,2.7034,0.23%,开放申购,开放赎回,
2008-05-30,0.7771,2.7009,-0.59%,开放申购,开放赎回,
2008-05-29,0.7817,2.7072,-1.51%,开放申购,开放赎回,
2008-05-28,0.7937,2.7236,1.37%,开放申购,开放赎回,
2008-05-27,0.7830,2.7090,0.05%,开放申购,开放赎回,
2008-05-26,0.7826,2.7084,-1.65%,开放申购,开放赎回,
2008-05-23,0.7957,2.7263,-0.74%,开放申购,开放赎回,
2008-05-22,0.8016,2.7344,-0.72%,开放申购,开放赎回,
2008-05-21,0.8074,2.7423,1.30%,开放申购,开放赎回,
2008-05-20,0.7970,2.7281,-3.69%,开放申购,开放赎回,
2008-05-19,0.8275,2.7697,0.25%,开放申购,开放赎回,
2008-05-16,0.8254,2.7669,-1.24%,开放申购,开放赎回,
2008-05-15,0.8358,2.7811,-1.04%,开放申购,开放赎回,
2008-05-14,0.8446,2.7931,1.49%,开放申购,开放赎回,
2008-05-13,0.8322,2.7762,0.31%,开放申购,开放赎回,
2008-05-12,0.8296,2.7726,0.55%,开放申购,开放赎回,
2008-05-09,0.8251,2.7665,-0.35%,开放申购,开放赎回,
2008-05-08,0.8280,2.7704,2.00%,开放申购,开放赎回,
2008-05-07,0.8118,2.7483,-2.15%,开放申购,开放赎回,
2008-05-06,0.8296,2.7726,-0.61%,开放申购,开放赎回,
2008-05-05,0.8347,2.7796,1.94%,开放申购,开放赎回,
2008-04-30,0.8188,2.7579,1.64%,开放申购,开放赎回,
2008-04-29,0.8056,2.7399,-0.31%,开放申购,开放赎回,
2008-04-28,0.8081,2.7433,-0.54%,开放申购,开放赎回,
2008-04-25,0.8125,2.7493,-0.47%,开放申购,开放赎回,
2008-04-24,0.8163,2.7545,4.12%,开放申购,开放赎回,
2008-04-23,0.7840,2.7104,2.15%,开放申购,开放赎回,
2008-04-22,0.7675,2.6878,0.00%,开放申购,开放赎回,
2008-04-21,0.7675,2.6878,-0.92%,开放申购,开放赎回,
2008-04-18,0.7746,2.6975,-1.48%,开放申购,开放赎回,
2008-04-17,0.7862,2.7134,-0.88%,开放申购,开放赎回,
2008-04-16,0.7932,2.7229,-1.00%,开放申购,开放赎回,
2008-04-15,0.8012,2.7338,1.39%,开放申购,开放赎回,
2008-04-14,0.7902,2.7188,-3.56%,开放申购,开放赎回,
2008-04-11,0.8194,2.7587,0.64%,开放申购,开放赎回,
2008-04-10,0.8142,2.7516,0.87%,开放申购,开放赎回,
2008-04-09,0.8072,2.7420,-2.84%,开放申购,开放赎回,
2008-04-08,0.8308,2.7743,0.87%,开放申购,开放赎回,
2008-04-07,0.8236,2.7644,3.65%,开放申购,开放赎回,
2008-04-03,0.7946,2.7248,2.25%,开放申购,开放赎回,
2008-04-02,0.7771,2.7009,-2.14%,开放申购,开放赎回,
2008-04-01,0.7941,2.7242,-3.90%,开放申购,开放赎回,
2008-03-31,0.8263,2.7681,-2.78%,开放申购,开放赎回,
2008-03-28,0.8499,2.8003,1.59%,开放申购,开放赎回,
2008-03-27,0.8366,2.7822,-3.38%,开放申购,开放赎回,
2008-03-26,0.8659,2.8222,0.10%,开放申购,开放赎回,
2008-03-25,0.8650,2.8209,0.53%,开放申购,开放赎回,
2008-03-24,0.8604,2.8147,-2.15%,开放申购,开放赎回,
2008-03-21,0.8793,2.8405,0.33%,开放申购,开放赎回,
2008-03-20,0.8764,2.8365,2.42%,开放申购,开放赎回,
2008-03-19,0.8557,2.8083,2.55%,开放申购,开放赎回,
2008-03-18,0.8344,2.7792,-3.02%,开放申购,开放赎回,
2008-03-17,0.8604,2.8147,-3.90%,开放申购,开放赎回,
2008-03-14,0.8953,2.8623,-1.00%,开放申购,开放赎回,
2008-03-13,0.9043,2.8746,-2.34%,开放申购,开放赎回,
2008-03-12,0.9260,2.9042,-2.27%,开放申购,开放赎回,
2008-03-11,0.9475,2.9336,0.43%,开放申购,开放赎回,
2008-03-10,0.9434,2.9280,-2.86%,开放申购,开放赎回,
2008-03-07,0.9712,2.9659,-0.91%,开放申购,开放赎回,
2008-03-06,0.9801,2.9781,-0.58%,开放申购,开放赎回,
2008-03-05,0.9858,2.9859,-1.42%,开放申购,开放赎回,
2008-03-04,1.0000,3.0053,-1.07%,开放申购,开放赎回,每份基金份额折算1.365256582份
2008-03-03,1.3800,3.0200,1.17%,开放申购,开放赎回,
2008-02-29,1.3640,3.0040,0.69%,开放申购,开放赎回,
2008-02-28,1.3546,2.9946,0.43%,开放申购,开放赎回,
2008-02-27,1.3488,2.9888,1.48%,开放申购,开放赎回,
2008-02-26,1.3291,2.9691,-0.84%,开放申购,开放赎回,
2008-02-25,1.3403,2.9803,-1.03%,开放申购,开放赎回,
2008-02-22,1.3542,2.9942,-1.76%,开放申购,开放赎回,
2008-02-21,1.3785,3.0185,0.77%,开放申购,开放赎回,
2008-02-20,1.3679,3.0079,-1.29%,开放申购,开放赎回,
2008-02-19,1.3858,3.0258,1.36%,开放申购,开放赎回,
2008-02-18,1.3672,3.0072,2.24%,开放申购,开放赎回,
2008-02-15,1.3372,2.9772,0.02%,开放申购,开放赎回,
2008-02-14,1.3369,2.9769,0.79%,开放申购,开放赎回,
2008-02-13,1.3264,2.9664,-1.18%,开放申购,开放赎回,
2008-02-05,1.3423,2.9823,-0.93%,开放申购,开放赎回,
2008-02-04,1.3549,2.9949,4.83%,开放申购,开放赎回,
2008-02-01,1.2925,2.9325,-0.48%,开放申购,开放赎回,
2008-01-31,1.2987,2.9387,-2.27%,开放申购,开放赎回,
2008-01-30,1.3289,2.9689,-1.07%,开放申购,开放赎回,
2008-01-29,1.3433,2.9833,0.50%,开放申购,开放赎回,
2008-01-28,1.3366,2.9766,-4.20%,开放申购,开放赎回,
2008-01-25,1.3952,3.0352,-0.11%,开放申购,开放赎回,
2008-01-24,1.3968,3.0368,1.68%,开放申购,开放赎回,
2008-01-23,1.3737,3.0137,4.43%,开放申购,开放赎回,
2008-01-22,1.3154,2.9554,-5.73%,开放申购,开放赎回,
2008-01-21,1.3953,3.0353,-3.46%,开放申购,开放赎回,
2008-01-18,1.4453,3.0853,0.28%,开放申购,开放赎回,
2008-01-17,1.4412,3.0812,-1.18%,开放申购,开放赎回,
2008-01-16,1.4584,3.0984,-1.59%,开放申购,开放赎回,
2008-01-15,1.4819,3.1219,-0.27%,开放申购,开放赎回,
2008-01-14,1.4859,3.1259,0.73%,开放申购,开放赎回,
2008-01-11,1.4751,3.1151,0.04%,开放申购,开放赎回,
2008-01-10,1.4745,3.1145,1.01%,开放申购,开放赎回,
2008-01-09,1.4598,3.0998,2.04%,开放申购,开放赎回,
2008-01-08,1.4306,3.0706,-0.62%,开放申购,开放赎回,
2008-01-07,1.4395,3.0795,2.22%,开放申购,开放赎回,
2008-01-04,1.4082,3.0482,0.79%,开放申购,开放赎回,
2008-01-03,1.3972,3.0372,0.45%,开放申购,开放赎回,
2008-01-02,1.3909,3.0309,1.09%,开放申购,开放赎回,
2007-12-31,1.3759,3.0159,-0.01%,开放申购,开放赎回,
2007-12-29,1.3760,3.0160,0.00%,开放申购,开放赎回,
2007-12-28,1.3760,3.0160,-0.55%,开放申购,开放赎回,
2007-12-27,1.3836,3.0236,1.36%,开放申购,开放赎回,
2007-12-26,1.3651,3.0051,0.30%,开放申购,开放赎回,
2007-12-25,1.3610,3.0010,-0.03%,开放申购,开放赎回,
2007-12-24,1.3614,3.0014,1.37%,开放申购,开放赎回,
2007-12-21,1.3430,2.9830,1.57%,开放申购,开放赎回,
2007-12-20,1.3223,2.9623,1.29%,开放申购,开放赎回,
2007-12-19,1.3055,2.9455,1.71%,开放申购,开放赎回,
2007-12-18,1.2835,2.9235,0.16%,开放申购,开放赎回,
2007-12-17,1.2814,2.9214,-1.57%,开放申购,开放赎回,
2007-12-14,1.3019,2.9419,1.33%,开放申购,开放赎回,
2007-12-13,1.2848,2.9248,-2.29%,开放申购,开放赎回,
2007-12-12,1.3149,2.9549,-1.44%,开放申购,开放赎回,
2007-12-11,1.3341,2.9741,-0.47%,开放申购,开放赎回,
2007-12-10,1.3404,2.9804,1.45%,开放申购,开放赎回,
2007-12-07,1.3213,2.9613,1.25%,开放申购,开放赎回,
2007-12-06,1.3050,2.9450,0.16%,开放申购,开放赎回,
2007-12-05,1.3029,2.9429,2.17%,开放申购,开放赎回,
2007-12-04,1.2752,2.9152,1.22%,开放申购,开放赎回,
2007-12-03,1.2598,2.8998,1.73%,开放申购,开放赎回,
2007-11-30,1.2384,2.8784,-1.65%,开放申购,开放赎回,
2007-11-29,1.2592,2.8992,3.15%,开放申购,开放赎回,
2007-11-28,1.2208,2.8608,-1.62%,开放申购,开放赎回,
2007-11-27,1.2409,2.8809,-1.57%,开放申购,开放赎回,
2007-11-26,1.2607,2.9007,-0.98%,开放申购,开放赎回,
2007-11-23,1.2732,2.9132,0.92%,开放申购,开放赎回,
2007-11-22,1.2616,2.9016,-3.38%,开放申购,开放赎回,
2007-11-21,1.3057,2.9457,-0.78%,开放申购,开放赎回,
2007-11-20,1.3160,2.9560,1.00%,开放申购,开放赎回,
2007-11-19,1.3030,2.9430,-0.99%,开放申购,开放赎回,
2007-11-16,1.3160,2.9560,-2.11%,开放申购,开放赎回,
2007-11-15,1.3443,2.9843,-1.34%,开放申购,开放赎回,
2007-11-14,1.3626,3.0026,3.22%,开放申购,开放赎回,
2007-11-13,1.3201,2.9601,-0.92%,开放申购,开放赎回,
2007-11-12,1.3324,2.9724,-0.87%,开放申购,开放赎回,
2007-11-09,1.3441,2.9841,-0.71%,开放申购,开放赎回,
2007-11-08,1.3537,2.9937,-3.67%,开放申购,开放赎回,
2007-11-07,1.4052,3.0452,0.86%,开放申购,开放赎回,
2007-11-06,1.3932,3.0332,-0.73%,开放申购,开放赎回,
2007-11-05,1.4034,3.0434,-2.16%,开放申购,开放赎回,
2007-11-02,1.4344,3.0744,-2.73%,开放申购,开放赎回,
2007-11-01,1.4747,3.1147,-0.81%,开放申购,开放赎回,
2007-10-31,1.4868,3.1268,2.38%,开放申购,开放赎回,
2007-10-30,1.4523,3.0923,1.14%,开放申购,开放赎回,
2007-10-29,1.4359,3.0759,1.69%,开放申购,开放赎回,
2007-10-26,1.4120,3.0520,0.58%,开放申购,开放赎回,
2007-10-25,1.4039,3.0439,-3.63%,开放申购,开放赎回,
2007-10-24,1.4568,3.0968,1.11%,开放申购,开放赎回,
2007-10-23,1.4408,3.0808,1.15%,开放申购,开放赎回,
2007-10-22,1.4244,3.0644,-2.07%,开放申购,开放赎回,
2007-10-19,1.4545,3.0945,0.45%,开放申购,开放赎回,
2007-10-18,1.4480,3.0880,-2.83%,开放申购,开放赎回,
2007-10-17,1.4902,3.1302,-1.35%,开放申购,开放赎回,
2007-10-16,1.5106,3.1506,0.61%,开放申购,开放赎回,
2007-10-15,1.5015,3.1415,0.19%,开放申购,开放赎回,
2007-10-12,1.4987,3.1387,0.12%,开放申购,开放赎回,
2007-10-11,1.4969,3.1369,0.94%,开放申购,开放赎回,
2007-10-10,1.4829,3.1229,-0.25%,开放申购,开放赎回,
2007-10-09,1.4866,3.1266,0.39%,开放申购,开放赎回,
2007-10-08,1.4808,3.1208,0.93%,开放申购,开放赎回,
2007-09-30,1.4671,3.1071,-0.01%,开放申购,开放赎回,
2007-09-28,1.4672,3.1072,1.97%,开放申购,开放赎回,
2007-09-27,1.4389,3.0789,1.95%,开放申购,开放赎回,
2007-09-26,1.4114,3.0514,-1.27%,开放申购,开放赎回,
2007-09-25,1.4295,3.0695,-1.25%,开放申购,开放赎回,
2007-09-24,1.4476,3.0876,1.59%,开放申购,开放赎回,
2007-09-21,1.4249,3.0649,0.08%,开放申购,开放赎回,
2007-09-20,1.4237,3.0637,1.90%,开放申购,开放赎回,
2007-09-19,1.3971,3.0371,-0.52%,开放申购,开放赎回,
2007-09-18,1.4044,3.0444,-1.18%,开放申购,开放赎回,
2007-09-17,1.4212,3.0612,1.02%,开放申购,开放赎回,
2007-09-14,1.4068,3.0468,1.17%,开放申购,开放赎回,
2007-09-13,1.3905,3.0305,3.16%,开放申购,开放赎回,
2007-09-12,1.3479,2.9879,0.97%,开放申购,开放赎回,
2007-09-11,1.3349,2.9749,-3.93%,开放申购,开放赎回,
2007-09-10,1.3895,3.0295,0.97%,开放申购,开放赎回,
2007-09-07,1.3762,3.0162,-2.20%,开放申购,开放赎回,
2007-09-06,1.4072,3.0472,1.15%,开放申购,开放赎回,
2007-09-05,1.3912,3.0312,-0.65%,开放申购,开放赎回,
2007-09-04,1.4003,3.0403,-0.60%,开放申购,开放赎回,
2007-09-03,1.4087,3.0487,2.27%,开放申购,开放赎回,
2007-08-31,1.3774,3.0174,0.95%,开放申购,开放赎回,
2007-08-30,1.3645,3.0045,1.37%,开放申购,开放赎回,
2007-08-29,1.3461,2.9861,-1.99%,开放申购,开放赎回,
2007-08-28,1.3734,3.0134,-0.25%,开放申购,开放赎回,
2007-08-27,1.3769,3.0169,0.63%,开放申购,开放赎回,
2007-08-24,1.3683,3.0083,1.15%,开放申购,开放赎回,
2007-08-23,1.3528,2.9928,1.81%,开放申购,开放赎回,
2007-08-22,1.3288,2.9688,1.27%,开放申购,开放赎回,
2007-08-21,1.3121,2.9521,1.42%,开放申购,开放赎回,
2007-08-20,1.2937,2.9337,4.57%,开放申购,开放赎回,
2007-08-17,1.2372,2.8772,-1.90%,开放申购,开放赎回,
2007-08-16,1.2611,2.9011,-2.13%,开放申购,开放赎回,
2007-08-15,1.2885,2.9285,0.30%,开放申购,开放赎回,
2007-08-14,1.2846,2.9246,1.14%,开放申购,开放赎回,
2007-08-13,1.2701,2.9101,-0.27%,开放申购,开放赎回,
2007-08-10,1.2735,2.9135,-1.49%,开放申购,开放赎回,
2007-08-09,1.2928,2.9328,1.77%,开放申购,开放赎回,
2007-08-08,1.2703,2.9103,-0.36%,开放申购,开放赎回,
2007-08-07,1.2749,2.9149,1.06%,开放申购,开放赎回,
2007-08-06,1.2615,2.9015,0.74%,开放申购,开放赎回,
2007-08-03,1.2522,2.8922,2.97%,开放申购,开放赎回,
2007-08-02,1.2161,2.8561,3.96%,开放申购,开放赎回,
2007-08-01,1.1698,2.8098,-2.00%,开放申购,开放赎回,
2007-07-31,1.1937,2.8337,0.56%,开放申购,开放赎回,
2007-07-30,1.1870,2.8270,1.47%,开放申购,开放赎回,
2007-07-27,1.1698,2.8098,-0.06%,开放申购,开放赎回,
2007-07-26,1.1705,2.8105,0.87%,开放申购,开放赎回,
2007-07-25,1.1604,2.8004,0.89%,开放申购,开放赎回,
2007-07-24,1.1502,2.7902,0.23%,开放申购,开放赎回,
2007-07-23,1.1476,2.7876,3.21%,开放申购,开放赎回,
2007-07-20,1.1119,2.7519,2.93%,开放申购,开放赎回,
2007-07-19,1.0803,2.7203,0.20%,开放申购,开放赎回,
2007-07-18,1.0781,2.7181,0.48%,开放申购,开放赎回,
2007-07-17,1.0730,2.7130,2.08%,开放申购,开放赎回,
2007-07-16,1.0511,2.6911,-1.36%,开放申购,开放赎回,
2007-07-13,1.0656,2.7056,0.26%,开放申购,开放赎回,
2007-07-12,1.0628,2.7028,0.58%,开放申购,开放赎回,
2007-07-11,1.0567,2.6967,0.08%,开放申购,开放赎回,
2007-07-10,1.0559,2.6959,-0.49%,开放申购,开放赎回,
2007-07-09,1.0611,2.7011,2.36%,开放申购,开放赎回,
2007-07-06,1.0366,2.6766,2.92%,开放申购,开放赎回,
2007-07-05,1.0072,2.6472,-4.28%,开放申购,开放赎回,
2007-07-04,1.0522,2.6922,-1.16%,开放申购,开放赎回,
2007-07-03,1.0646,2.7046,1.18%,开放申购,开放赎回,
2007-07-02,1.0522,2.6922,0.03%,开放申购,开放赎回,
2007-06-30,1.0519,2.6919,-0.01%,开放申购,开放赎回,
2007-06-29,1.0520,2.6920,-2.09%,开放申购,开放赎回,
2007-06-28,1.0745,2.7145,-3.48%,开放申购,开放赎回,
2007-06-27,1.1132,2.7532,2.06%,开放申购,开放赎回,
2007-06-26,1.0907,2.7307,1.55%,开放申购,开放赎回,
2007-06-25,1.0741,2.7141,-2.74%,开放申购,开放赎回,
2007-06-22,1.1044,2.7444,-2.70%,开放申购,开放赎回,
2007-06-21,1.1351,2.7751,0.42%,开放申购,开放赎回,
2007-06-20,1.1303,2.7703,-2.19%,开放申购,开放赎回,
2007-06-19,1.1556,2.7956,0.51%,开放申购,开放赎回,
2007-06-18,1.1497,2.7897,2.15%,开放申购,开放赎回,
2007-06-15,1.1255,2.7655,0.92%,开放申购,开放赎回,
2007-06-14,1.1152,2.7552,-0.74%,开放申购,开放赎回,
2007-06-13,1.1235,2.7635,1.22%,开放申购,开放赎回,
2007-06-12,1.1100,2.7500,2.27%,开放申购,开放赎回,
2007-06-11,1.0854,2.7254,1.82%,开放申购,开放赎回,
2007-06-08,1.0660,2.7060,0.46%,开放申购,开放赎回,
2007-06-07,1.0611,2.7011,2.31%,开放申购,开放赎回,
2007-06-06,1.0371,2.6771,0.77%,开放申购,开放赎回,
2007-06-05,1.0292,2.6692,2.37%,开放申购,开放赎回,
2007-06-04,1.0054,2.6454,-4.19%,开放申购,开放赎回,每份派现金0.3500元
2007-06-01,1.4147,2.7047,-2.76%,开放申购,开放赎回,
2007-05-31,1.4548,2.7448,1.44%,开放申购,开放赎回,
2007-05-30,1.4341,2.7241,-5.43%,开放申购,开放赎回,
2007-05-29,1.5165,2.8065,2.20%,开放申购,开放赎回,
2007-05-28,1.4838,2.7738,1.60%,开放申购,开放赎回,
2007-05-25,1.4604,2.7504,0.89%,开放申购,开放赎回,
2007-05-24,1.4475,2.7375,-0.54%,开放申购,开放赎回,
2007-05-23,1.4553,2.7453,1.49%,开放申购,开放赎回,
2007-05-22,1.4340,2.7240,0.12%,开放申购,开放赎回,
2007-05-21,1.4323,2.7223,1.35%,开放申购,开放赎回,
2007-05-18,1.4132,2.7032,0.76%,开放申购,开放赎回,
2007-05-17,1.4026,2.6926,1.81%,开放申购,开放赎回,
2007-05-16,1.3776,2.6676,2.00%,开放申购,开放赎回,
2007-05-15,1.3506,2.6406,-2.41%,开放申购,开放赎回,
2007-05-14,1.3840,2.6740,1.01%,开放申购,开放赎回,
2007-05-11,1.3701,2.6601,0.30%,开放申购,开放赎回,
2007-05-10,1.3660,2.6560,-0.47%,开放申购,开放赎回,
2007-05-09,1.3724,2.6624,0.45%,开放申购,开放赎回,
2007-05-08,1.3662,2.6562,3.09%,开放申购,开放赎回,
2007-04-30,1.3253,2.6153,0.71%,开放申购,开放赎回,
2007-04-27,1.3160,2.6060,-1.44%,开放申购,开放赎回,
2007-04-26,1.3352,2.6252,0.64%,开放申购,开放赎回,
2007-04-25,1.3267,2.6167,0.48%,开放申购,开放赎回,
2007-04-24,1.3204,2.6104,0.87%,开放申购,开放赎回,
2007-04-23,1.3090,2.5990,2.91%,开放申购,开放赎回,
2007-04-20,1.2720,2.5620,3.14%,开放申购,开放赎回,
2007-04-19,1.2333,2.5233,-3.90%,开放申购,开放赎回,
2007-04-18,1.2833,2.5733,-0.32%,开放申购,开放赎回,
2007-04-17,1.2874,2.5774,-0.04%,开放申购,开放赎回,
2007-04-16,1.2879,2.5779,2.30%,开放申购,开放赎回,
2007-04-13,1.2589,2.5489,0.78%,开放申购,开放赎回,
2007-04-12,1.2492,2.5392,1.54%,开放申购,开放赎回,
2007-04-11,1.2303,2.5203,0.94%,开放申购,开放赎回,
2007-04-10,1.2189,2.5089,0.76%,开放申购,开放赎回,
2007-04-09,1.2097,2.4997,1.42%,开放申购,开放赎回,
2007-04-06,1.1928,2.4828,0.51%,开放申购,开放赎回,
2007-04-05,1.1867,2.4767,0.71%,开放申购,开放赎回,
2007-04-04,1.1783,2.4683,0.80%,开放申购,开放赎回,
2007-04-03,1.1690,2.4590,0.60%,开放申购,开放赎回,
2007-04-02,1.1620,2.4520,1.80%,开放申购,开放赎回,
2007-03-31,1.1414,2.4314,0.00%,开放申购,开放赎回,
2007-03-30,1.1414,2.4314,0.06%,开放申购,开放赎回,
2007-03-29,1.1407,2.4307,-0.67%,开放申购,开放赎回,
2007-03-28,1.1484,2.4384,-0.54%,开放申购,开放赎回,
2007-03-27,1.1546,2.4446,-0.08%,开放申购,开放赎回,
2007-03-26,1.1555,2.4455,0.99%,开放申购,开放赎回,
2007-03-23,1.1442,2.4342,0.54%,开放申购,开放赎回,
2007-03-22,1.1380,2.4280,0.29%,开放申购,开放赎回,
2007-03-21,1.1347,2.4247,0.75%,开放申购,开放赎回,
2007-03-20,1.1263,2.4163,0.18%,开放申购,开放赎回,
2007-03-19,1.1243,2.4143,1.78%,开放申购,开放赎回,
2007-03-16,1.1046,2.3946,-1.17%,开放申购,开放赎回,
2007-03-15,1.1177,2.4077,1.61%,开放申购,开放赎回,
2007-03-14,1.1000,2.3900,-1.39%,开放申购,开放赎回,
2007-03-13,1.1155,2.4055,0.08%,开放申购,开放赎回,
2007-03-12,1.1146,2.4046,0.53%,开放申购,开放赎回,
2007-03-09,1.1087,2.3987,0.01%,开放申购,开放赎回,
2007-03-08,1.1086,2.3986,1.71%,开放申购,开放赎回,
2007-03-07,1.0900,2.3800,2.15%,开放申购,开放赎回,
2007-03-06,1.0671,2.3571,1.03%,开放申购,开放赎回,
2007-03-05,1.0562,2.3462,-0.22%,开放申购,开放赎回,
2007-03-02,1.0585,2.3485,1.61%,开放申购,开放赎回,
2007-03-01,1.0417,2.3317,-2.89%,开放申购,开放赎回,
2007-02-28,1.0727,2.3627,2.34%,开放申购,开放赎回,
2007-02-27,1.0482,2.3382,-5.45%,开放申购,开放赎回,
2007-02-26,1.1086,2.3986,0.64%,开放申购,开放赎回,
2007-02-16,1.1015,2.3915,0.73%,开放申购,开放赎回,
2007-02-15,1.0935,2.3835,1.88%,开放申购,开放赎回,
2007-02-14,1.0733,2.3633,1.68%,开放申购,开放赎回,
2007-02-13,1.0556,2.3456,1.41%,开放申购,开放赎回,
2007-02-12,1.0409,2.3309,1.80%,开放申购,开放赎回,
2007-02-09,1.0225,2.3125,-0.90%,开放申购,开放赎回,
2007-02-08,1.0318,2.3218,1.17%,开放申购,开放赎回,
2007-02-07,1.0199,2.3099,0.90%,开放申购,开放赎回,
2007-02-06,1.0108,2.3008,1.15%,开放申购,开放赎回,
2007-02-05,0.9993,2.2893,-0.27%,开放申购,开放赎回,
2007-02-02,1.0020,2.2920,0.07%,开放申购,开放赎回,每份派现金1.1000元
2007-02-01,2.1005,2.2905,-0.99%,开放申购,开放赎回,
2007-01-31,2.1215,2.3115,-5.24%,开放申购,开放赎回,
2007-01-30,2.2388,2.4288,-1.40%,开放申购,开放赎回,
2007-01-29,2.2707,2.4607,1.43%,开放申购,开放赎回,
2007-01-26,2.2386,2.4286,1.45%,开放申购,开放赎回,
2007-01-25,2.2067,2.3967,-2.15%,开放申购,开放赎回,
2007-01-24,2.2553,2.4453,0.24%,开放申购,开放赎回,
2007-01-23,2.2500,2.4400,0.44%,开放申购,开放赎回,
2007-01-22,2.2402,2.4302,3.18%,开放申购,开放赎回,
2007-01-19,2.1711,2.3611,2.21%,开放申购,开放赎回,
2007-01-18,2.1242,2.3142,-0.94%,开放申购,开放赎回,
2007-01-17,2.1443,2.3343,-1.82%,开放申购,开放赎回,
2007-01-16,2.1841,2.3741,2.79%,开放申购,开放赎回,
2007-01-15,2.1249,2.3149,4.40%,开放申购,开放赎回,
2007-01-12,2.0354,2.2254,-0.95%,开放申购,开放赎回,
2007-01-11,2.0550,2.2450,-1.22%,开放申购,开放赎回,
2007-01-10,2.0803,2.2703,1.80%,开放申购,开放赎回,
2007-01-09,2.0436,2.2336,3.12%,开放申购,开放赎回,
2007-01-08,1.9818,2.1718,1.23%,开放申购,开放赎回,
2007-01-05,1.9577,2.1477,-1.16%,开放申购,开放赎回,
2007-01-04,1.9807,2.1707,0.07%,开放申购,开放赎回,
2006-12-31,1.9794,2.1694,-0.01%,开放申购,开放赎回,
2006-12-29,1.9796,2.1696,1.79%,开放申购,开放赎回,
2006-12-28,1.9448,2.1348,-0.09%,开放申购,开放赎回,
2006-12-27,1.9466,2.1366,1.54%,开放申购,开放赎回,
2006-12-26,1.9171,2.1071,1.11%,开放申购,开放赎回,
2006-12-25,1.8960,2.0860,3.13%,开放申购,开放赎回,
2006-12-22,1.8384,2.0284,-1.10%,开放申购,开放赎回,
2006-12-21,1.8588,2.0488,-1.32%,开放申购,开放赎回,
2006-12-20,1.8837,2.0737,0.49%,开放申购,开放赎回,
2006-12-19,1.8746,2.0646,-0.40%,开放申购,开放赎回,
2006-12-18,1.8822,2.0722,3.21%,开放申购,开放赎回,
2006-12-15,1.8237,2.0137,3.00%,开放申购,开放赎回,
2006-12-14,1.7706,1.9606,1.28%,开放申购,开放赎回,
2006-12-13,1.7483,1.9383,-0.10%,开放申购,开放赎回,
2006-12-12,1.7500,1.9400,0.37%,开放申购,开放赎回,
2006-12-11,1.7436,1.9336,4.02%,开放申购,开放赎回,
2006-12-08,1.6762,1.8662,-1.98%,开放申购,开放赎回,
2006-12-07,1.7100,1.9000,-0.43%,开放申购,开放赎回,
2006-12-06,1.7174,1.9074,-0.45%,开放申购,开放赎回,
2006-12-05,1.7252,1.9152,0.85%,开放申购,开放赎回,
2006-12-04,1.7107,1.9007,1.68%,开放申购,开放赎回,
2006-12-01,1.6824,1.8724,1.26%,开放申购,开放赎回,
2006-11-30,1.6614,1.8514,3.28%,开放申购,开放赎回,
2006-11-29,1.6087,1.7987,1.05%,开放申购,开放赎回,
2006-11-28,1.5920,1.7820,-0.04%,开放申购,开放赎回,
2006-11-27,1.5927,1.7827,0.32%,开放申购,开放赎回,
2006-11-24,1.5876,1.7776,-0.72%,开放申购,开放赎回,
2006-11-23,1.5991,1.7891,-0.36%,开放申购,开放赎回,
2006-11-22,1.6049,1.7949,2.79%,开放申购,开放赎回,
2006-11-21,1.5613,1.7513,0.87%,开放申购,开放赎回,
2006-11-20,1.5479,1.7379,1.37%,开放申购,开放赎回,
2006-11-17,1.5270,1.7170,1.77%,开放申购,开放赎回,
2006-11-16,1.5004,1.6904,0.36%,开放申购,开放赎回,
2006-11-15,1.4950,1.6850,2.11%,开放申购,开放赎回,
2006-11-14,1.4641,1.6541,0.31%,开放申购,开放赎回,
2006-11-13,1.4596,1.6496,-1.11%,开放申购,开放赎回,
2006-11-10,1.4760,1.6660,-0.77%,开放申购,开放赎回,
2006-11-09,1.4874,1.6774,0.75%,开放申购,开放赎回,
2006-11-08,1.4764,1.6664,-0.38%,开放申购,开放赎回,
2006-11-07,1.4821,1.6721,0.09%,开放申购,开放赎回,
2006-11-06,1.4807,1.6707,0.79%,开放申购,开放赎回,
2006-11-03,1.4691,1.6591,0.03%,开放申购,开放赎回,
2006-11-02,1.4686,1.6586,-0.40%,开放申购,开放赎回,
2006-11-01,1.4745,1.6645,-0.12%,开放申购,开放赎回,
2006-10-31,1.4762,1.6662,0.56%,开放申购,开放赎回,
2006-10-30,1.4680,1.6580,0.01%,开放申购,开放赎回,
2006-10-27,1.4678,1.6578,-0.55%,开放申购,开放赎回,
2006-10-26,1.4759,1.6659,0.39%,开放申购,开放赎回,
2006-10-25,1.4701,1.6601,0.58%,开放申购,开放赎回,
2006-10-24,1.4616,1.6516,1.85%,开放申购,开放赎回,
2006-10-23,1.4350,1.6250,-1.36%,开放申购,开放赎回,
2006-10-20,1.4548,1.6448,0.52%,开放申购,开放赎回,
2006-10-19,1.4473,1.6373,0.62%,开放申购,开放赎回,
2006-10-18,1.4384,1.6284,0.92%,开放申购,开放赎回,
2006-10-17,1.4253,1.6153,-0.20%,开放申购,开放赎回,
2006-10-16,1.4282,1.6182,-0.77%,开放申购,开放赎回,
2006-10-13,1.4393,1.6293,0.09%,开放申购,开放赎回,
2006-10-12,1.4380,1.6280,-0.86%,开放申购,开放赎回,
2006-10-11,1.4505,1.6405,-0.32%,开放申购,开放赎回,
2006-10-10,1.4551,1.6451,0.10%,开放申购,开放赎回,
2006-10-09,1.4537,1.6437,2.35%,开放申购,开放赎回,
2006-09-30,1.4203,1.6103,0.00%,开放申购,开放赎回,
2006-09-29,1.4203,1.6103,0.76%,开放申购,开放赎回,
2006-09-28,1.4096,1.5996,1.00%,开放申购,开放赎回,
2006-09-27,1.3957,1.5857,0.50%,开放申购,开放赎回,
2006-09-26,1.3888,1.5788,-0.74%,开放申购,开放赎回,
2006-09-25,1.3991,1.5891,0.04%,开放申购,开放赎回,
2006-09-22,1.3985,1.5885,-0.51%,开放申购,开放赎回,
2006-09-21,1.4056,1.5956,0.55%,开放申购,开放赎回,
2006-09-20,1.3979,1.5879,0.04%,开放申购,开放赎回,
2006-09-19,1.3973,1.5873,0.63%,开放申购,开放赎回,
2006-09-18,1.3885,1.5785,1.20%,开放申购,开放赎回,
2006-09-15,1.3720,1.5620,0.74%,开放申购,开放赎回,
2006-09-14,1.3619,1.5519,-0.19%,开放申购,开放赎回,
2006-09-13,1.3645,1.5545,-1.12%,开放申购,开放赎回,
2006-09-12,1.3800,1.5700,0.25%,开放申购,开放赎回,
2006-09-11,1.3766,1.5666,0.71%,开放申购,开放赎回,
2006-09-08,1.3669,1.5569,0.11%,开放申购,开放赎回,
2006-09-07,1.3654,1.5554,-0.47%,开放申购,开放赎回,
2006-09-06,1.3719,1.5619,-0.01%,开放申购,开放赎回,
2006-09-05,1.3721,1.5621,0.05%,开放申购,开放赎回,
2006-09-04,1.3714,1.5614,0.85%,开放申购,开放赎回,
2006-09-01,1.3598,1.5498,-1.40%,开放申购,开放赎回,
2006-08-31,1.3791,1.5691,-0.17%,开放申购,开放赎回,
2006-08-30,1.3814,1.5714,0.22%,开放申购,开放赎回,
2006-08-29,1.3783,1.5683,-0.43%,开放申购,开放赎回,
2006-08-28,1.3843,1.5743,1.46%,开放申购,开放赎回,
2006-08-25,1.3644,1.5544,0.09%,开放申购,开放赎回,
2006-08-24,1.3632,1.5532,1.13%,开放申购,开放赎回,
2006-08-23,1.3480,1.5380,-0.04%,开放申购,开放赎回,
2006-08-22,1.3486,1.5386,1.54%,开放申购,开放赎回,
2006-08-21,1.3281,1.5181,0.68%,开放申购,开放赎回,
2006-08-18,1.3191,1.5091,-0.31%,开放申购,开放赎回,
2006-08-17,1.3232,1.5132,-0.41%,开放申购,开放赎回,
2006-08-16,1.3286,1.5186,1.27%,开放申购,开放赎回,
2006-08-15,1.3119,1.5019,1.35%,开放申购,开放赎回,
2006-08-14,1.2944,1.4844,-2.07%,开放申购,开放赎回,
2006-08-11,1.3217,1.5117,-0.43%,开放申购,开放赎回,
2006-08-10,1.3274,1.5174,1.10%,开放申购,开放赎回,
2006-08-09,1.3129,1.5029,0.18%,开放申购,开放赎回,
2006-08-08,1.3106,1.5006,1.78%,开放申购,开放赎回,
2006-08-07,1.2877,1.4777,-0.14%,开放申购,开放赎回,
2006-08-04,1.2895,1.4795,-2.53%,开放申购,开放赎回,
2006-08-03,1.3230,1.5130,-0.92%,开放申购,开放赎回,
2006-08-02,1.3353,1.5253,-0.91%,开放申购,开放赎回,
2006-08-01,1.3476,1.5376,-0.29%,开放申购,开放赎回,
2006-07-31,1.3515,1.5415,-2.99%,开放申购,开放赎回,
2006-07-28,1.3932,1.5832,-1.04%,开放申购,开放赎回,
2006-07-27,1.4079,1.5979,-1.05%,开放申购,开放赎回,
2006-07-26,1.4229,1.6129,-0.03%,开放申购,开放赎回,
2006-07-25,1.4233,1.6133,1.04%,开放申购,开放赎回,
2006-07-24,1.4086,1.5986,1.04%,开放申购,开放赎回,
2006-07-21,1.3941,1.5841,0.32%,开放申购,开放赎回,
2006-07-20,1.3896,1.5796,0.20%,开放申购,开放赎回,
2006-07-19,1.3868,1.5768,-2.96%,开放申购,开放赎回,
2006-07-18,1.4291,1.6191,-0.21%,开放申购,开放赎回,
2006-07-17,1.4321,1.6221,0.80%,开放申购,开放赎回,
2006-07-14,1.4207,1.6107,0.22%,开放申购,开放赎回,
2006-07-13,1.4176,1.6076,-3.75%,开放申购,开放赎回,
2006-07-12,1.4728,1.6628,1.48%,开放申购,开放赎回,
2006-07-11,1.4513,1.6413,1.31%,开放申购,开放赎回,
2006-07-10,1.4326,1.6226,-0.76%,开放申购,开放赎回,
2006-07-07,1.4435,1.6335,0.24%,开放申购,开放赎回,
2006-07-06,1.4400,1.6300,1.57%,开放申购,开放赎回,
2006-07-05,1.4177,1.6077,-0.18%,开放申购,开放赎回,
2006-07-04,1.4202,1.6102,0.15%,开放申购,开放赎回,
2006-07-03,1.4181,1.6081,1.26%,开放申购,开放赎回,
2006-06-30,1.4004,1.5904,0.52%,开放申购,开放赎回,
2006-06-29,1.3932,1.5832,0.95%,开放申购,开放赎回,
2006-06-28,1.3801,1.5701,-0.24%,开放申购,开放赎回,
2006-06-27,1.3834,1.5734,-0.07%,开放申购,开放赎回,
2006-06-26,1.3844,1.5744,1.38%,开放申购,开放赎回,
2006-06-23,1.3655,1.5555,0.03%,开放申购,开放赎回,
2006-06-22,1.3651,1.5551,-0.04%,开放申购,开放赎回,
2006-06-21,1.3657,1.5557,0.48%,开放申购,开放赎回,
2006-06-20,1.3592,1.5492,0.24%,开放申购,开放赎回,
2006-06-19,1.3559,1.5459,1.50%,开放申购,开放赎回,
2006-06-16,1.3359,1.5259,1.61%,开放申购,开放赎回,
2006-06-15,1.3147,1.5047,0.03%,开放申购,开放赎回,
2006-06-14,1.3143,1.5043,-1.64%,开放申购,开放赎回,
2006-06-13,1.3362,1.5262,1.35%,开放申购,开放赎回,
2006-06-12,1.3184,1.5084,4.59%,开放申购,开放赎回,
2006-06-09,1.2605,1.4505,-2.23%,开放申购,开放赎回,
2006-06-08,1.2893,1.4793,-0.28%,开放申购,开放赎回,
2006-06-07,1.2929,1.4829,-4.20%,开放申购,开放赎回,
2006-06-06,1.3496,1.5396,-2.07%,开放申购,开放赎回,
2006-06-05,1.3781,1.5681,0.72%,开放申购,开放赎回,
2006-06-02,1.3683,1.5583,-1.82%,开放申购,开放赎回,
2006-06-01,1.3937,1.5837,1.83%,开放申购,开放赎回,
2006-05-31,1.3687,1.5587,-1.17%,开放申购,开放赎回,
2006-05-30,1.3849,1.5749,2.06%,开放申购,开放赎回,
2006-05-29,1.3569,1.5469,2.53%,开放申购,开放赎回,
2006-05-26,1.3234,1.5134,1.12%,开放申购,开放赎回,
2006-05-25,1.3087,1.4987,-0.98%,开放申购,开放赎回,
2006-05-24,1.3216,1.5116,0.32%,开放申购,开放赎回,
2006-05-23,1.3174,1.5074,-3.53%,开放申购,开放赎回,
2006-05-22,1.3656,1.5556,1.20%,开放申购,开放赎回,
2006-05-19,1.3494,1.5394,1.38%,开放申购,开放赎回,
2006-05-18,1.3310,1.5210,-0.95%,开放申购,开放赎回,
2006-05-17,1.3437,1.5337,1.39%,开放申购,开放赎回,
2006-05-16,1.3253,1.5153,-2.42%,开放申购,开放赎回,
2006-05-15,1.3581,1.5481,3.77%,开放申购,开放赎回,
2006-05-12,1.3087,1.4987,2.44%,开放申购,开放赎回,
2006-05-11,1.2775,1.4675,0.96%,开放申购,开放赎回,
2006-05-10,1.2653,1.4553,0.84%,开放申购,开放赎回,
2006-05-09,1.2547,1.4447,4.73%,开放申购,开放赎回,
2006-05-08,1.1980,1.3880,3.42%,开放申购,开放赎回,
2006-04-28,1.1584,1.3484,1.44%,开放申购,开放赎回,
2006-04-27,1.1420,1.3320,1.18%,开放申购,开放赎回,
2006-04-26,1.1287,1.3187,-0.15%,开放申购,开放赎回,
2006-04-25,1.1304,1.3204,2.20%,开放申购,开放赎回,
2006-04-24,1.1061,1.2961,2.17%,开放申购,开放赎回,每份派现金0.0600元
2006-04-21,1.1413,1.2713,0.78%,开放申购,开放赎回,
2006-04-20,1.1325,1.2625,1.34%,开放申购,开放赎回,
2006-04-19,1.1175,1.2475,1.43%,开放申购,开放赎回,
2006-04-18,1.1017,1.2317,1.24%,开放申购,开放赎回,
2006-04-17,1.0882,1.2182,-0.07%,开放申购,开放赎回,
2006-04-14,1.0890,1.2190,1.05%,开放申购,开放赎回,
2006-04-13,1.0777,1.2077,-2.16%,开放申购,开放赎回,
2006-04-12,1.1015,1.2315,-0.63%,开放申购,开放赎回,
2006-04-11,1.1085,1.2385,0.60%,开放申购,开放赎回,
2006-04-10,1.1019,1.2319,-0.44%,开放申购,开放赎回,
2006-04-07,1.1068,1.2368,-0.08%,开放申购,开放赎回,
2006-04-06,1.1077,1.2377,1.61%,开放申购,开放赎回,
2006-04-05,1.0901,1.2201,0.91%,开放申购,开放赎回,
2006-04-04,1.0803,1.2103,0.86%,开放申购,开放赎回,
2006-04-03,1.0711,1.2011,2.29%,开放申购,开放赎回,
2006-03-31,1.0471,1.1771,3.93%,开放申购,开放赎回,
2006-03-30,1.0075,1.1375,-0.45%,开放申购,开放赎回,
2006-03-29,1.0121,1.1421,0.90%,开放申购,开放赎回,
2006-03-28,1.0031,1.1331,0.33%,开放申购,开放赎回,
2006-03-27,0.9998,1.1298,1.04%,开放申购,开放赎回,
2006-03-24,0.9895,1.1195,0.42%,开放申购,开放赎回,
2006-03-23,0.9854,1.1154,0.31%,开放申购,开放赎回,
2006-03-22,0.9824,1.1124,1.55%,开放申购,开放赎回,
2006-03-21,0.9674,1.0974,0.31%,开放申购,开放赎回,
2006-03-20,0.9644,1.0944,1.22%,开放申购,开放赎回,
2006-03-17,0.9528,1.0828,0.02%,开放申购,开放赎回,
2006-03-16,0.9526,1.0826,0.28%,开放申购,开放赎回,
2006-03-15,0.9499,1.0799,1.74%,开放申购,开放赎回,
2006-03-14,0.9337,1.0637,-0.24%,开放申购,开放赎回,
2006-03-13,0.9359,1.0659,1.22%,开放申购,开放赎回,
2006-03-10,0.9246,1.0546,0.50%,开放申购,开放赎回,
2006-03-09,0.9200,1.0500,-0.94%,开放申购,开放赎回,
2006-03-08,0.9287,1.0587,-1.18%,开放申购,开放赎回,
2006-03-07,0.9398,1.0698,-2.82%,开放申购,开放赎回,
2006-03-06,0.9671,1.0971,-0.49%,开放申购,开放赎回,
2006-03-03,0.9719,1.1019,0.49%,开放申购,开放赎回,
2006-03-02,0.9672,1.0972,-0.82%,开放申购,开放赎回,
2006-03-01,0.9752,1.1052,0.53%,开放申购,开放赎回,
2006-02-28,0.9701,1.1001,-0.23%,开放申购,开放赎回,
2006-02-27,0.9723,1.1023,-0.95%,开放申购,开放赎回,
2006-02-24,0.9816,1.1116,1.48%,开放申购,开放赎回,
2006-02-23,0.9673,1.0973,-0.71%,开放申购,开放赎回,
2006-02-22,0.9742,1.1042,-0.06%,开放申购,开放赎回,
2006-02-21,0.9748,1.1048,1.38%,开放申购,开放赎回,
2006-02-20,0.9615,1.0915,-0.06%,开放申购,开放赎回,
2006-02-17,0.9621,1.0921,-0.17%,开放申购,开放赎回,
2006-02-16,0.9637,1.0937,-1.73%,开放申购,开放赎回,
2006-02-15,0.9807,1.1107,0.28%,开放申购,开放赎回,
2006-02-14,0.9780,1.1080,2.61%,开放申购,开放赎回,
2006-02-13,0.9531,1.0831,-1.05%,开放申购,开放赎回,
2006-02-10,0.9632,1.0932,0.47%,开放申购,开放赎回,
2006-02-09,0.9587,1.0887,-0.23%,开放申购,开放赎回,
2006-02-08,0.9609,1.0909,-2.91%,开放申购,开放赎回,
2006-02-07,0.9897,1.1197,-0.44%,开放申购,开放赎回,
2006-02-06,0.9941,1.1241,2.31%,开放申购,开放赎回,
2006-01-25,0.9717,1.1017,2.16%,开放申购,开放赎回,
2006-01-24,0.9512,1.0812,1.37%,开放申购,开放赎回,
2006-01-23,0.9383,1.0683,1.19%,开放申购,开放赎回,
2006-01-20,0.9273,1.0573,0.78%,开放申购,开放赎回,
2006-01-19,0.9201,1.0501,0.89%,开放申购,开放赎回,
2006-01-18,0.9120,1.0420,1.22%,开放申购,开放赎回,
2006-01-17,0.9010,1.0310,-0.10%,开放申购,开放赎回,
2006-01-16,0.9019,1.0319,-0.56%,开放申购,开放赎回,
2006-01-13,0.9070,1.0370,-0.35%,开放申购,开放赎回,
2006-01-12,0.9102,1.0402,0.24%,开放申购,开放赎回,
2006-01-11,0.9080,1.0380,0.36%,开放申购,开放赎回,
2006-01-10,0.9047,1.0347,0.53%,开放申购,开放赎回,
2006-01-09,0.8999,1.0299,0.31%,开放申购,开放赎回,
2006-01-06,0.8971,1.0271,0.78%,开放申购,开放赎回,
2006-01-05,0.8902,1.0202,1.03%,开放申购,开放赎回,
2006-01-04,0.8811,1.0111,2.45%,开放申购,开放赎回,
2005-12-31,0.8600,0.9900,0.00%,开放申购,开放赎回,
2005-12-30,0.8600,0.9900,-0.52%,开放申购,开放赎回,
2005-12-29,0.8645,0.9945,2.20%,开放申购,开放赎回,
2005-12-28,0.8459,0.9759,0.59%,开放申购,开放赎回,
2005-12-27,0.8409,0.9709,0.29%,开放申购,开放赎回,
2005-12-26,0.8385,0.9685,0.94%,开放申购,开放赎回,
2005-12-23,0.8307,0.9607,0.58%,开放申购,开放赎回,
2005-12-22,0.8259,0.9559,0.33%,开放申购,开放赎回,
2005-12-21,0.8232,0.9532,-0.19%,开放申购,开放赎回,
2005-12-20,0.8248,0.9548,0.08%,开放申购,开放赎回,
2005-12-19,0.8241,0.9541,-0.06%,开放申购,开放赎回,
2005-12-16,0.8246,0.9546,0.44%,开放申购,开放赎回,
2005-12-15,0.8210,0.9510,-0.34%,开放申购,开放赎回,
2005-12-14,0.8238,0.9538,1.58%,开放申购,开放赎回,
2005-12-13,0.8110,0.9410,0.22%,开放申购,开放赎回,
2005-12-12,0.8092,0.9392,-0.06%,开放申购,开放赎回,
2005-12-09,0.8097,0.9397,1.25%,开放申购,开放赎回,
2005-12-08,0.7997,0.9297,0.45%,开放申购,开放赎回,
2005-12-07,0.7961,0.9261,0.62%,开放申购,开放赎回,
2005-12-06,0.7912,0.9212,0.70%,开放申购,开放赎回,
2005-12-05,0.7857,0.9157,-1.01%,开放申购,开放赎回,
2005-12-02,0.7937,0.9237,-0.09%,开放申购,开放赎回,
2005-12-01,0.7944,0.9244,-0.51%,开放申购,开放赎回,
2005-11-30,0.7985,0.9285,-0.16%,开放申购,开放赎回,
2005-11-29,0.7998,0.9298,-0.92%,开放申购,开放赎回,
2005-11-28,0.8072,0.9372,-0.76%,开放申购,开放赎回,
2005-11-25,0.8134,0.9434,-0.12%,开放申购,开放赎回,
2005-11-24,0.8144,0.9444,0.09%,开放申购,开放赎回,
2005-11-23,0.8137,0.9437,0.64%,开放申购,开放赎回,
2005-11-22,0.8085,0.9385,-0.38%,开放申购,开放赎回,
2005-11-21,0.8116,0.9416,0.36%,开放申购,开放赎回,
2005-11-18,0.8087,0.9387,0.87%,开放申购,开放赎回,
2005-11-17,0.8017,0.9317,-0.25%,开放申购,开放赎回,
2005-11-16,0.8037,0.9337,0.15%,开放申购,开放赎回,
2005-11-15,0.8025,0.9325,-0.55%,开放申购,开放赎回,
2005-11-14,0.8069,0.9369,-0.15%,开放申购,开放赎回,
2005-11-11,0.8081,0.9381,-0.09%,开放申购,开放赎回,
2005-11-10,0.8088,0.9388,-0.88%,开放申购,开放赎回,
2005-11-09,0.8160,0.9460,0.28%,开放申购,开放赎回,
2005-11-08,0.8137,0.9437,0.01%,开放申购,开放赎回,
2005-11-07,0.8136,0.9436,-0.64%,开放申购,开放赎回,
2005-11-04,0.8188,0.9488,-0.21%,开放申购,开放赎回,
2005-11-03,0.8205,0.9505,-0.87%,开放申购,开放赎回,
2005-11-02,0.8277,0.9577,0.23%,开放申购,开放赎回,
2005-11-01,0.8258,0.9558,-0.29%,开放申购,开放赎回,
2005-10-31,0.8282,0.9582,0.38%,开放申购,开放赎回,
2005-10-28,0.8251,0.9551,-0.67%,开放申购,开放赎回,
2005-10-27,0.8307,0.9607,0.17%,开放申购,开放赎回,
2005-10-26,0.8293,0.9593,-1.09%,开放申购,开放赎回,
2005-10-25,0.8384,0.9684,-0.92%,开放申购,开放赎回,
2005-10-24,0.8462,0.9762,0.76%,开放申购,开放赎回,
2005-10-21,0.8398,0.9698,-0.06%,开放申购,开放赎回,
2005-10-20,0.8403,0.9703,0.26%,开放申购,开放赎回,
2005-10-19,0.8381,0.9681,-0.48%,开放申购,开放赎回,
2005-10-18,0.8421,0.9721,0.10%,开放申购,开放赎回,
2005-10-17,0.8413,0.9713,-0.26%,开放申购,开放赎回,
2005-10-14,0.8435,0.9735,-1.14%,开放申购,开放赎回,
2005-10-13,0.8532,0.9832,-0.49%,开放申购,开放赎回,
2005-10-12,0.8574,0.9874,0.36%,开放申购,开放赎回,
2005-10-11,0.8543,0.9843,0.66%,开放申购,开放赎回,
2005-10-10,0.8487,0.9787,-0.78%,开放申购,开放赎回,
2005-09-30,0.8554,0.9854,0.51%,开放申购,开放赎回,
2005-09-29,0.8511,0.9811,1.07%,开放申购,开放赎回,
2005-09-28,0.8421,0.9721,0.18%,开放申购,开放赎回,
2005-09-27,0.8406,0.9706,-0.78%,开放申购,开放赎回,
2005-09-26,0.8472,0.9772,-0.05%,开放申购,开放赎回,
2005-09-23,0.8476,0.9776,-0.02%,开放申购,开放赎回,
2005-09-22,0.8478,0.9778,-1.03%,开放申购,开放赎回,
2005-09-21,0.8566,0.9866,-1.20%,开放申购,开放赎回,
2005-09-20,0.8670,0.9970,-0.74%,开放申购,开放赎回,
2005-09-19,0.8735,1.0035,-0.06%,开放申购,开放赎回,
2005-09-16,0.8740,1.0040,-0.34%,开放申购,开放赎回,
2005-09-15,0.8770,1.0070,-0.23%,开放申购,开放赎回,
2005-09-14,0.8790,1.0090,0.37%,开放申购,开放赎回,
2005-09-13,0.8758,1.0058,0.96%,开放申购,开放赎回,
2005-09-12,0.8675,0.9975,-0.01%,开放申购,开放赎回,
2005-09-09,0.8676,0.9976,-0.17%,开放申购,开放赎回,
2005-09-08,0.8691,0.9991,0.42%,开放申购,开放赎回,
2005-09-07,0.8655,0.9955,1.15%,开放申购,开放赎回,
2005-09-06,0.8557,0.9857,-0.95%,开放申购,开放赎回,
2005-09-05,0.8639,0.9939,-0.01%,开放申购,开放赎回,
2005-09-02,0.8640,0.9940,0.21%,开放申购,开放赎回,
2005-09-01,0.8622,0.9922,1.24%,开放申购,开放赎回,
2005-08-31,0.8516,0.9816,1.00%,开放申购,开放赎回,
2005-08-30,0.8432,0.9732,-0.04%,开放申购,开放赎回,
2005-08-29,0.8435,0.9735,-0.64%,开放申购,开放赎回,
2005-08-26,0.8489,0.9789,-0.66%,开放申购,开放赎回,
2005-08-25,0.8545,0.9845,-0.38%,开放申购,开放赎回,
2005-08-24,0.8578,0.9878,0.29%,开放申购,开放赎回,
2005-08-23,0.8553,0.9853,-0.28%,开放申购,开放赎回,
2005-08-22,0.8577,0.9877,0.79%,开放申购,开放赎回,
2005-08-19,0.8510,0.9810,-0.14%,开放申购,开放赎回,
2005-08-18,0.8522,0.9822,-1.70%,开放申购,开放赎回,
2005-08-17,0.8669,0.9969,0.65%,开放申购,开放赎回,
2005-08-16,0.8613,0.9913,-0.75%,开放申购,开放赎回,
2005-08-15,0.8678,0.9978,1.68%,开放申购,开放赎回,
2005-08-12,0.8535,0.9835,-1.50%,开放申购,开放赎回,
2005-08-11,0.8665,0.9965,1.56%,开放申购,开放赎回,
2005-08-10,0.8532,0.9832,0.57%,开放申购,开放赎回,
2005-08-09,0.8484,0.9784,-0.06%,开放申购,开放赎回,
2005-08-08,0.8489,0.9789,-0.28%,开放申购,开放赎回,
2005-08-05,0.8513,0.9813,1.56%,开放申购,开放赎回,
2005-08-04,0.8382,0.9682,-0.13%,开放申购,开放赎回,
2005-08-03,0.8393,0.9693,0.27%,开放申购,开放赎回,
2005-08-02,0.8370,0.9670,0.72%,开放申购,开放赎回,
2005-08-01,0.8310,0.9610,0.29%,开放申购,开放赎回,
2005-07-29,0.8286,0.9586,-0.25%,开放申购,开放赎回,
2005-07-28,0.8307,0.9607,-0.38%,开放申购,开放赎回,
2005-07-27,0.8339,0.9639,1.53%,开放申购,开放赎回,
2005-07-26,0.8213,0.9513,1.26%,开放申购,开放赎回,
2005-07-25,0.8111,0.9411,-0.22%,开放申购,开放赎回,
2005-07-22,0.8129,0.9429,0.79%,开放申购,开放赎回,
2005-07-21,0.8065,0.9365,0.55%,开放申购,开放赎回,
2005-07-20,0.8021,0.9321,0.59%,开放申购,开放赎回,
2005-07-19,0.7974,0.9274,-0.59%,开放申购,开放赎回,
2005-07-18,0.8021,0.9321,-0.31%,开放申购,开放赎回,
2005-07-15,0.8046,0.9346,-0.24%,开放申购,开放赎回,
2005-07-14,0.8065,0.9365,0.26%,开放申购,开放赎回,
2005-07-13,0.8044,0.9344,-0.54%,开放申购,开放赎回,
2005-07-12,0.8088,0.9388,1.80%,开放申购,开放赎回,
2005-07-11,0.7945,0.9245,-0.26%,开放申购,开放赎回,
2005-07-08,0.7966,0.9266,-0.43%,开放申购,开放赎回,
2005-07-07,0.8000,0.9300,0.10%,开放申购,开放赎回,
2005-07-06,0.7992,0.9292,-1.19%,开放申购,开放赎回,
2005-07-05,0.8088,0.9388,-0.43%,开放申购,开放赎回,
2005-07-04,0.8123,0.9423,0.48%,开放申购,开放赎回,
2005-07-01,0.8084,0.9384,-1.00%,开放申购,开放赎回,
2005-06-30,0.8166,0.9466,-1.20%,开放申购,开放赎回,
2005-06-29,0.8265,0.9565,-0.39%,开放申购,开放赎回,
2005-06-28,0.8297,0.9597,-1.03%,开放申购,开放赎回,
2005-06-27,0.8383,0.9683,1.49%,开放申购,开放赎回,
2005-06-24,0.8260,0.9560,0.10%,开放申购,开放赎回,
2005-06-23,0.8252,0.9552,-0.31%,开放申购,开放赎回,
2005-06-22,0.8278,0.9578,0.25%,开放申购,开放赎回,
2005-06-21,0.8257,0.9557,-0.64%,开放申购,开放赎回,
2005-06-20,0.8310,0.9610,2.33%,开放申购,开放赎回,
2005-06-17,0.8121,0.9421,0.12%,开放申购,开放赎回,
2005-06-16,0.8111,0.9411,0.75%,开放申购,开放赎回,
2005-06-15,0.8051,0.9351,-0.74%,开放申购,开放赎回,
2005-06-14,0.8111,0.9411,-0.43%,开放申购,开放赎回,
2005-06-13,0.8146,0.9446,-0.71%,开放申购,开放赎回,
2005-06-10,0.8204,0.9504,-1.39%,开放申购,开放赎回,
2005-06-09,0.8320,0.9620,0.16%,开放申购,开放赎回,
2005-06-08,0.8307,0.9607,5.19%,开放申购,开放赎回,
2005-06-07,0.7897,0.9197,-0.40%,开放申购,开放赎回,
2005-06-06,0.7929,0.9229,2.27%,开放申购,开放赎回,
2005-06-03,0.7753,0.9053,0.14%,开放申购,开放赎回,
2005-06-02,0.7742,0.9042,-2.63%,开放申购,开放赎回,
2005-06-01,0.7951,0.9251,-2.29%,开放申购,开放赎回,
2005-05-31,0.8137,0.9437,0.18%,开放申购,开放赎回,
2005-05-30,0.8122,0.9422,0.59%,开放申购,开放赎回,
2005-05-27,0.8074,0.9374,-0.85%,开放申购,开放赎回,
2005-05-26,0.8143,0.9443,-1.42%,开放申购,开放赎回,
2005-05-25,0.8260,0.9560,-0.19%,开放申购,开放赎回,
2005-05-24,0.8276,0.9576,-0.59%,开放申购,开放赎回,
2005-05-23,0.8325,0.9625,-1.14%,开放申购,开放赎回,
2005-05-20,0.8421,0.9721,0.54%,开放申购,开放赎回,
2005-05-19,0.8376,0.9676,0.31%,开放申购,开放赎回,
2005-05-18,0.8350,0.9650,-0.48%,开放申购,开放赎回,
2005-05-17,0.8390,0.9690,-0.04%,开放申购,开放赎回,
2005-05-16,0.8393,0.9693,-1.93%,开放申购,开放赎回,
2005-05-13,0.8558,0.9858,-0.59%,开放申购,开放赎回,
2005-05-12,0.8609,0.9909,-1.66%,开放申购,开放赎回,
2005-05-11,0.8754,1.0054,-1.21%,开放申购,开放赎回,
2005-05-10,0.8861,1.0161,0.02%,开放申购,开放赎回,
2005-05-09,0.8859,1.0159,-1.92%,开放申购,开放赎回,
2005-04-29,0.9032,1.0332,-1.03%,开放申购,开放赎回,
2005-04-28,0.9126,1.0426,1.03%,开放申购,开放赎回,
2005-04-27,0.9033,1.0333,-0.18%,开放申购,开放赎回,
2005-04-26,0.9049,1.0349,-0.17%,开放申购,开放赎回,
2005-04-25,0.9064,1.0364,-0.18%,开放申购,开放赎回,
2005-04-22,0.9080,1.0380,0.31%,开放申购,开放赎回,
2005-04-21,0.9052,1.0352,0.60%,开放申购,开放赎回,
2005-04-20,0.8998,1.0298,-0.54%,开放申购,开放赎回,
2005-04-19,0.9047,1.0347,-0.15%,开放申购,开放赎回,
2005-04-18,0.9061,1.0361,-0.48%,开放申购,开放赎回,
2005-04-15,0.9105,1.0405,-0.62%,开放申购,开放赎回,
2005-04-14,0.9162,1.0462,-0.85%,开放申购,开放赎回,
2005-04-13,0.9241,1.0541,0.85%,开放申购,开放赎回,
2005-04-12,0.9163,1.0463,-0.47%,开放申购,开放赎回,
2005-04-11,0.9206,1.0506,-1.56%,开放申购,开放赎回,
2005-04-08,0.9352,1.0652,1.30%,开放申购,开放赎回,
2005-04-07,0.9232,1.0532,-0.24%,开放申购,开放赎回,
2005-04-06,0.9254,1.0554,2.55%,开放申购,开放赎回,
2005-04-05,0.9024,1.0324,0.01%,开放申购,开放赎回,
2005-04-04,0.9023,1.0323,-0.10%,开放申购,开放赎回,
2005-04-01,0.9032,1.0332,3.00%,开放申购,开放赎回,
2005-03-31,0.8769,1.0069,0.21%,开放申购,开放赎回,
2005-03-30,0.8751,1.0051,-1.11%,开放申购,开放赎回,
2005-03-29,0.8849,1.0149,-0.10%,开放申购,开放赎回,
2005-03-28,0.8858,1.0158,0.25%,开放申购,开放赎回,
2005-03-25,0.8836,1.0136,0.32%,开放申购,开放赎回,
2005-03-24,0.8808,1.0108,-0.11%,开放申购,开放赎回,
2005-03-23,0.8818,1.0118,-0.64%,开放申购,开放赎回,
2005-03-22,0.8875,1.0175,0.25%,开放申购,开放赎回,
2005-03-21,0.8853,1.0153,0.18%,开放申购,开放赎回,
2005-03-18,0.8837,1.0137,-1.17%,开放申购,开放赎回,
2005-03-17,0.8942,1.0242,-0.93%,开放申购,开放赎回,
2005-03-16,0.9026,1.0326,-1.16%,开放申购,开放赎回,
2005-03-15,0.9132,1.0432,-1.28%,开放申购,开放赎回,
2005-03-14,0.9250,1.0550,1.10%,开放申购,开放赎回,
2005-03-11,0.9149,1.0449,0.44%,开放申购,开放赎回,
2005-03-10,0.9109,1.0409,-1.62%,开放申购,开放赎回,
2005-03-09,0.9259,1.0559,0.31%,开放申购,开放赎回,
2005-03-08,0.9230,1.0530,1.75%,开放申购,开放赎回,
2005-03-07,0.9071,1.0371,0.52%,开放申购,开放赎回,
2005-03-04,0.9024,1.0324,-0.18%,开放申购,开放赎回,
2005-03-03,0.9040,1.0340,0.36%,开放申购,开放赎回,
2005-03-02,0.9008,1.0308,-1.64%,开放申购,开放赎回,
2005-03-01,0.9158,1.0458,-0.56%,开放申购,开放赎回,
2005-02-28,0.9210,1.0510,-0.29%,开放申购,开放赎回,
2005-02-25,0.9237,1.0537,0.48%,开放申购,开放赎回,
2005-02-24,0.9193,1.0493,-0.29%,开放申购,开放赎回,
2005-02-23,0.9220,1.0520,-0.34%,开放申购,开放赎回,
2005-02-22,0.9251,1.0551,1.53%,开放申购,开放赎回,
2005-02-21,0.9112,1.0412,1.37%,开放申购,开放赎回,
2005-02-18,0.8989,1.0289,-0.96%,开放申购,开放赎回,
2005-02-17,0.9076,1.0376,-0.78%,开放申购,开放赎回,
2005-02-16,0.9147,1.0447,0.51%,开放申购,开放赎回,
2005-02-04,0.9101,1.0401,1.94%,开放申购,开放赎回,
2005-02-03,0.8928,1.0228,-0.37%,开放申购,开放赎回,
2005-02-02,0.8961,1.0261,3.44%,开放申购,开放赎回,
2005-02-01,0.8663,0.9963,-0.53%,开放申购,开放赎回,
2005-01-31,0.8709,1.0009,0.08%,开放申购,开放赎回,
2005-01-28,0.8702,1.0002,-0.50%,开放申购,开放赎回,
2005-01-27,0.8746,1.0046,-0.66%,开放申购,开放赎回,
2005-01-26,0.8804,1.0104,-0.18%,开放申购,开放赎回,
2005-01-25,0.8820,1.0120,0.35%,开放申购,开放赎回,
2005-01-24,0.8789,1.0089,0.87%,开放申购,开放赎回,
2005-01-21,0.8713,1.0013,1.14%,开放申购,开放赎回,
2005-01-20,0.8615,0.9915,-0.70%,开放申购,开放赎回,
2005-01-19,0.8676,0.9976,-0.47%,开放申购,开放赎回,
2005-01-18,0.8717,1.0017,-0.21%,开放申购,开放赎回,
2005-01-17,0.8735,1.0035,-1.23%,开放申购,开放赎回,
2005-01-14,0.8844,1.0144,-0.46%,开放申购,开放赎回,
2005-01-13,0.8885,1.0185,-0.19%,开放申购,开放赎回,
2005-01-12,0.8902,1.0202,0.21%,开放申购,开放赎回,
2005-01-11,0.8883,1.0183,0.49%,开放申购,开放赎回,
2005-01-10,0.8840,1.0140,0.74%,开放申购,开放赎回,
2005-01-07,0.8775,1.0075,-0.44%,开放申购,开放赎回,
2005-01-06,0.8814,1.0114,-0.93%,开放申购,开放赎回,
2005-01-05,0.8897,1.0197,0.10%,开放申购,开放赎回,
2005-01-04,0.8888,1.0188,-1.61%,开放申购,开放赎回,
2004-12-31,0.9033,1.0333,0.22%,开放申购,开放赎回,
2004-12-30,0.9013,1.0313,-0.01%,开放申购,开放赎回,
2004-12-29,0.9014,1.0314,-0.07%,开放申购,开放赎回,
2004-12-28,0.9020,1.0320,0.40%,开放申购,开放赎回,
2004-12-27,0.8984,1.0284,-0.04%,开放申购,开放赎回,
2004-12-24,0.8988,1.0288,0.02%,开放申购,开放赎回,
2004-12-23,0.8986,1.0286,-1.18%,开放申购,开放赎回,
2004-12-22,0.9093,1.0393,1.27%,开放申购,开放赎回,
2004-12-21,0.8979,1.0279,-0.16%,开放申购,开放赎回,
2004-12-20,0.8993,1.0293,-1.10%,开放申购,开放赎回,
2004-12-17,0.9093,1.0393,-1.03%,开放申购,开放赎回,
2004-12-16,0.9188,1.0488,-0.54%,开放申购,开放赎回,
2004-12-15,0.9238,1.0538,0.81%,开放申购,开放赎回,
2004-12-14,0.9164,1.0464,0.14%,开放申购,开放赎回,
2004-12-13,0.9151,1.0451,-0.10%,开放申购,开放赎回,
2004-12-10,0.9160,1.0460,-0.37%,开放申购,开放赎回,
2004-12-09,0.9194,1.0494,0.63%,开放申购,开放赎回,
2004-12-08,0.9136,1.0436,0.11%,开放申购,开放赎回,
2004-12-07,0.9126,1.0426,-0.76%,开放申购,开放赎回,
2004-12-06,0.9196,1.0496,0.09%,开放申购,开放赎回,
2004-12-03,0.9188,1.0488,0.22%,开放申购,开放赎回,
2004-12-02,0.9168,1.0468,-0.68%,开放申购,开放赎回,
2004-12-01,0.9231,1.0531,-0.39%,开放申购,开放赎回,
2004-11-30,0.9267,1.0567,0.06%,开放申购,开放赎回,
2004-11-29,0.9261,1.0561,-0.87%,开放申购,开放赎回,
2004-11-26,0.9342,1.0642,-0.18%,开放申购,开放赎回,
2004-11-25,0.9359,1.0659,-0.31%,开放申购,开放赎回,
2004-11-24,0.9388,1.0688,-0.02%,开放申购,开放赎回,
2004-11-23,0.9390,1.0690,-1.03%,开放申购,开放赎回,
2004-11-22,0.9488,1.0788,-0.60%,开放申购,开放赎回,
2004-11-19,0.9545,1.0845,0.00%,开放申购,开放赎回,
2004-11-18,0.9545,1.0845,1.26%,开放申购,开放赎回,
2004-11-17,0.9426,1.0726,-0.51%,开放申购,开放赎回,
2004-11-16,0.9474,1.0774,0.21%,开放申购,开放赎回,
2004-11-15,0.9454,1.0754,0.57%,开放申购,开放赎回,
2004-11-12,0.9400,1.0700,-0.19%,开放申购,开放赎回,
2004-11-11,0.9418,1.0718,-0.57%,开放申购,开放赎回,
2004-11-10,0.9472,1.0772,2.40%,开放申购,开放赎回,
2004-11-09,0.9250,1.0550,0.33%,开放申购,开放赎回,
2004-11-08,0.9220,1.0520,0.15%,开放申购,开放赎回,
2004-11-05,0.9206,1.0506,-0.35%,开放申购,开放赎回,
2004-11-04,0.9238,1.0538,-1.79%,开放申购,开放赎回,
2004-11-03,0.9406,1.0706,1.23%,开放申购,开放赎回,
2004-11-02,0.9292,1.0592,-0.34%,开放申购,开放赎回,
2004-11-01,0.9324,1.0624,-0.86%,开放申购,开放赎回,
2004-10-29,0.9405,1.0705,-0.99%,开放申购,开放赎回,
2004-10-28,0.9499,1.0799,-0.87%,开放申购,开放赎回,
2004-10-27,0.9582,1.0882,0.46%,开放申购,开放赎回,
2004-10-26,0.9538,1.0838,0.55%,开放申购,开放赎回,
2004-10-25,0.9486,1.0786,-0.89%,开放申购,开放赎回,
2004-10-22,0.9571,1.0871,1.43%,开放申购,开放赎回,
2004-10-21,0.9436,1.0736,0.67%,开放申购,开放赎回,
2004-10-20,0.9373,1.0673,0.90%,开放申购,开放赎回,
2004-10-19,0.9289,1.0589,0.58%,开放申购,开放赎回,
2004-10-18,0.9235,1.0535,-0.11%,开放申购,开放赎回,
2004-10-15,0.9245,1.0545,-0.04%,开放申购,开放赎回,
2004-10-14,0.9249,1.0549,-2.26%,开放申购,开放赎回,
2004-10-13,0.9463,1.0763,-0.17%,开放申购,开放赎回,
2004-10-12,0.9479,1.0779,-1.92%,开放申购,开放赎回,
2004-10-11,0.9665,1.0965,-0.67%,开放申购,开放赎回,
2004-10-08,0.9730,1.1030,1.95%,开放申购,开放赎回,
2004-09-30,0.9544,1.0844,-0.25%,开放申购,开放赎回,
2004-09-29,0.9568,1.0868,-0.72%,开放申购,开放赎回,
2004-09-28,0.9637,1.0937,1.63%,开放申购,开放赎回,
2004-09-27,0.9482,1.0782,-0.09%,开放申购,开放赎回,
2004-09-24,0.9491,1.0791,-1.11%,开放申购,开放赎回,
2004-09-23,0.9598,1.0898,2.72%,开放申购,开放赎回,
2004-09-22,0.9344,1.0644,-1.07%,开放申购,开放赎回,
2004-09-21,0.9445,1.0745,-0.92%,开放申购,开放赎回,
2004-09-20,0.9533,1.0833,1.69%,开放申购,开放赎回,
2004-09-17,0.9375,1.0675,2.02%,开放申购,开放赎回,
2004-09-16,0.9189,1.0489,0.65%,开放申购,开放赎回,
2004-09-15,0.9130,1.0430,2.87%,开放申购,开放赎回,
2004-09-14,0.8875,1.0175,1.77%,开放申购,开放赎回,
2004-09-13,0.8721,1.0021,-1.10%,开放申购,开放赎回,
2004-09-10,0.8818,1.0118,0.28%,开放申购,开放赎回,
2004-09-09,0.8793,1.0093,-1.02%,开放申购,开放赎回,
2004-09-08,0.8884,1.0184,-0.43%,开放申购,开放赎回,
2004-09-07,0.8922,1.0222,-0.01%,开放申购,开放赎回,
2004-09-06,0.8923,1.0223,-0.51%,开放申购,开放赎回,
2004-09-03,0.8969,1.0269,-0.40%,开放申购,开放赎回,
2004-09-02,0.9005,1.0305,0.21%,开放申购,开放赎回,
2004-09-01,0.8986,1.0286,-0.81%,开放申购,开放赎回,
2004-08-31,0.9059,1.0359,1.32%,开放申购,开放赎回,
2004-08-30,0.8941,1.0241,-0.18%,开放申购,开放赎回,
2004-08-27,0.8957,1.0257,-0.85%,开放申购,开放赎回,
2004-08-26,0.9034,1.0334,-0.31%,开放申购,开放赎回,
2004-08-25,0.9062,1.0362,0.09%,开放申购,开放赎回,
2004-08-24,0.9054,1.0354,0.06%,开放申购,开放赎回,
2004-08-23,0.9049,1.0349,-1.03%,开放申购,开放赎回,
2004-08-20,0.9143,1.0443,-0.10%,开放申购,开放赎回,
2004-08-19,0.9152,1.0452,-0.58%,开放申购,开放赎回,
2004-08-18,0.9205,1.0505,0.22%,开放申购,开放赎回,
2004-08-17,0.9185,1.0485,0.13%,开放申购,开放赎回,
2004-08-16,0.9173,1.0473,-0.63%,开放申购,开放赎回,
2004-08-13,0.9231,1.0531,0.75%,开放申购,开放赎回,
2004-08-12,0.9162,1.0462,-0.56%,开放申购,开放赎回,
2004-08-11,0.9214,1.0514,-0.45%,开放申购,开放赎回,
2004-08-10,0.9256,1.0556,0.66%,开放申购,开放赎回,
2004-08-09,0.9195,1.0495,0.27%,开放申购,开放赎回,
2004-08-06,0.9170,1.0470,-0.32%,开放申购,开放赎回,
2004-08-05,0.9199,1.0499,-1.05%,开放申购,开放赎回,
2004-08-04,0.9297,1.0597,1.71%,开放申购,开放赎回,
2004-08-03,0.9141,1.0441,-0.76%,开放申购,开放赎回,
2004-08-02,0.9211,1.0511,-0.72%,开放申购,开放赎回,
2004-07-30,0.9278,1.0578,-1.12%,开放申购,开放赎回,
2004-07-29,0.9383,1.0683,0.74%,开放申购,开放赎回,
2004-07-28,0.9314,1.0614,0.51%,开放申购,开放赎回,
2004-07-27,0.9267,1.0567,-0.63%,开放申购,开放赎回,
2004-07-26,0.9326,1.0626,-0.33%,开放申购,开放赎回,
2004-07-23,0.9357,1.0657,0.07%,开放申购,开放赎回,
2004-07-22,0.9350,1.0650,-2.18%,开放申购,开放赎回,
2004-07-21,0.9558,1.0858,-0.01%,开放申购,开放赎回,
2004-07-20,0.9559,1.0859,-0.47%,开放申购,开放赎回,
2004-07-19,0.9604,1.0904,0.23%,开放申购,开放赎回,
2004-07-16,0.9582,1.0882,1.98%,开放申购,开放赎回,
2004-07-15,0.9396,1.0696,0.87%,开放申购,开放赎回,
2004-07-14,0.9315,1.0615,0.38%,开放申购,开放赎回,
2004-07-13,0.9280,1.0580,0.18%,开放申购,开放赎回,
2004-07-12,0.9263,1.0563,-0.99%,开放申购,开放赎回,
2004-07-09,0.9356,1.0656,-0.32%,开放申购,开放赎回,
2004-07-08,0.9386,1.0686,0.16%,开放申购,开放赎回,
2004-07-07,0.9371,1.0671,-0.56%,开放申购,开放赎回,
2004-07-06,0.9424,1.0724,0.29%,开放申购,开放赎回,
2004-07-05,0.9397,1.0697,0.02%,开放申购,开放赎回,
2004-07-02,0.9395,1.0695,0.06%,开放申购,开放赎回,
2004-07-01,0.9389,1.0689,2.04%,开放申购,开放赎回,
2004-06-30,0.9201,1.0501,0.41%,开放申购,开放赎回,
2004-06-29,0.9163,1.0463,0.84%,开放申购,开放赎回,
2004-06-28,0.9087,1.0387,-1.14%,开放申购,开放赎回,
2004-06-25,0.9192,1.0492,-0.68%,开放申购,开放赎回,
2004-06-24,0.9255,1.0555,-0.19%,开放申购,开放赎回,
2004-06-23,0.9273,1.0573,-1.06%,开放申购,开放赎回,
2004-06-22,0.9372,1.0672,0.82%,开放申购,开放赎回,
2004-06-21,0.9296,1.0596,-0.40%,开放申购,开放赎回,
2004-06-18,0.9333,1.0633,-0.66%,开放申购,开放赎回,
2004-06-17,0.9395,1.0695,-1.59%,开放申购,开放赎回,
2004-06-16,0.9547,1.0847,0.81%,开放申购,开放赎回,
2004-06-15,0.9470,1.0770,1.34%,开放申购,开放赎回,
2004-06-14,0.9345,1.0645,-0.92%,开放申购,开放赎回,
2004-06-11,0.9432,1.0732,0.12%,开放申购,开放赎回,
2004-06-10,0.9421,1.0721,-0.14%,开放申购,开放赎回,
2004-06-09,0.9434,1.0734,-1.14%,开放申购,开放赎回,
2004-06-08,0.9543,1.0843,-1.00%,开放申购,开放赎回,
2004-06-07,0.9639,1.0939,-0.96%,开放申购,开放赎回,
2004-06-04,0.9732,1.1032,-0.28%,开放申购,开放赎回,
2004-06-03,0.9759,1.1059,-1.17%,开放申购,开放赎回,
2004-06-02,0.9875,1.1175,-0.19%,开放申购,开放赎回,
2004-06-01,0.9894,1.1194,1.28%,开放申购,开放赎回,
2004-05-31,0.9769,1.1069,0.22%,开放申购,开放赎回,
2004-05-28,0.9748,1.1048,-0.08%,开放申购,开放赎回,
2004-05-27,0.9756,1.1056,1.49%,开放申购,开放赎回,
2004-05-26,0.9613,1.0913,0.75%,开放申购,开放赎回,
2004-05-25,0.9541,1.0841,-1.12%,开放申购,开放赎回,
2004-05-24,0.9649,1.0949,-0.40%,开放申购,开放赎回,
2004-05-21,0.9688,1.0988,0.55%,开放申购,开放赎回,
2004-05-20,0.9635,1.0935,-0.42%,开放申购,开放赎回,
2004-05-19,0.9676,1.0976,0.31%,开放申购,开放赎回,
2004-05-18,0.9646,1.0946,-0.74%,开放申购,开放赎回,
2004-05-17,0.9718,1.1018,-0.66%,开放申购,开放赎回,
2004-05-14,0.9783,1.1083,-1.44%,开放申购,开放赎回,
2004-05-13,0.9926,1.1226,0.00%,开放申购,开放赎回,
2004-05-12,0.9926,1.1226,1.45%,开放申购,开放赎回,
2004-05-11,0.9784,1.1084,-0.30%,开放申购,开放赎回,
2004-05-10,0.9813,1.1113,-1.40%,开放申购,开放赎回,
2004-04-30,0.9952,1.1252,0.71%,开放申购,开放赎回,
2004-04-29,0.9882,1.1182,-2.55%,开放申购,开放赎回,
2004-04-28,1.0141,1.1441,-1.08%,开放申购,开放赎回,
2004-04-27,1.0252,1.1552,-0.24%,开放申购,开放赎回,
2004-04-26,1.0277,1.1577,0.69%,开放申购,开放赎回,
2004-04-23,1.0207,1.1507,-0.75%,开放申购,开放赎回,
2004-04-22,1.0284,1.1584,0.13%,开放申购,开放赎回,
2004-04-21,1.0271,1.1571,-1.05%,开放申购,开放赎回,
2004-04-20,1.0380,1.1680,-0.44%,开放申购,开放赎回,
2004-04-19,1.0426,1.1726,-0.42%,开放申购,开放赎回,
2004-04-16,1.0470,1.1770,0.74%,开放申购,开放赎回,
2004-04-15,1.0393,1.1693,-0.56%,开放申购,开放赎回,
2004-04-14,1.0452,1.1752,-1.05%,开放申购,开放赎回,
2004-04-13,1.0563,1.1863,-0.71%,开放申购,开放赎回,
2004-04-12,1.0639,1.1939,-0.16%,开放申购,开放赎回,
2004-04-09,1.0656,1.1956,-2.16%,开放申购,开放赎回,每份派现金0.0600元
2004-04-08,1.1504,1.2204,-0.18%,开放申购,开放赎回,
2004-04-07,1.1525,1.2225,-0.23%,开放申购,开放赎回,
2004-04-06,1.1552,1.2252,0.57%,开放申购,开放赎回,
2004-04-05,1.1486,1.2186,-0.21%,开放申购,开放赎回,
2004-04-02,1.1510,1.2210,0.56%,开放申购,开放赎回,
2004-04-01,1.1446,1.2146,0.88%,开放申购,开放赎回,
2004-03-31,1.1346,1.2046,0.81%,开放申购,开放赎回,
2004-03-30,1.1255,1.1955,-0.15%,开放申购,开放赎回,
2004-03-29,1.1272,1.1972,-0.92%,开放申购,开放赎回,
2004-03-26,1.1377,1.2077,0.06%,开放申购,开放赎回,
2004-03-25,1.1370,1.2070,0.17%,开放申购,开放赎回,
2004-03-24,1.1351,1.2051,0.02%,开放申购,开放赎回,
2004-03-23,1.1349,1.2049,-0.92%,开放申购,开放赎回,
2004-03-22,1.1454,1.2154,-0.19%,开放申购,开放赎回,
2004-03-19,1.1476,1.2176,1.43%,开放申购,开放赎回,
2004-03-18,1.1314,1.2014,-1.73%,开放申购,开放赎回,
2004-03-17,1.1513,1.2213,0.13%,开放申购,开放赎回,
2004-03-16,1.1498,1.2198,0.35%,开放申购,开放赎回,
2004-03-15,1.1458,1.2158,2.20%,开放申购,开放赎回,
2004-03-12,1.1211,1.1911,0.53%,开放申购,开放赎回,
2004-03-11,1.1152,1.1852,0.68%,开放申购,开放赎回,
2004-03-10,1.1077,1.1777,1.85%,开放申购,开放赎回,
2004-03-09,1.0876,1.1576,-0.10%,开放申购,开放赎回,
2004-03-08,1.0887,1.1587,-1.05%,开放申购,开放赎回,
2004-03-05,1.1003,1.1703,-0.24%,开放申购,开放赎回,
2004-03-04,1.1030,1.1730,0.30%,开放申购,开放赎回,
2004-03-03,1.0997,1.1697,-0.89%,开放申购,开放赎回,
2004-03-02,1.1096,1.1796,-0.21%,开放申购,开放赎回,
2004-03-01,1.1119,1.1819,0.55%,开放申购,开放赎回,
2004-02-27,1.1058,1.1758,0.90%,开放申购,开放赎回,
2004-02-26,1.0959,1.1659,0.75%,开放申购,开放赎回,
2004-02-25,1.0877,1.1577,-1.50%,开放申购,开放赎回,
2004-02-24,1.1043,1.1743,0.54%,开放申购,开放赎回,
2004-02-23,1.0984,1.1684,-2.53%,开放申购,开放赎回,
2004-02-20,1.1269,1.1969,-0.14%,开放申购,开放赎回,
2004-02-19,1.1285,1.1985,-0.49%,开放申购,开放赎回,
2004-02-18,1.1340,1.2040,0.84%,开放申购,开放赎回,
2004-02-17,1.1246,1.1946,0.44%,开放申购,开放赎回,
2004-02-16,1.1197,1.1897,2.09%,开放申购,开放赎回,
2004-02-13,1.0968,1.1668,0.99%,开放申购,开放赎回,
2004-02-12,1.0860,1.1560,-0.93%,开放申购,开放赎回,
2004-02-11,1.0962,1.1662,-0.81%,开放申购,开放赎回,
2004-02-10,1.1051,1.1751,-0.50%,开放申购,开放赎回,每份派现金0.0300元
2004-02-09,1.1408,1.1808,0.52%,开放申购,开放赎回,
2004-02-06,1.1349,1.1749,-1.05%,开放申购,开放赎回,
2004-02-05,1.1469,1.1869,0.13%,开放申购,开放赎回,
2004-02-04,1.1454,1.1854,1.80%,开放申购,开放赎回,
2004-02-03,1.1251,1.1651,0.10%,开放申购,开放赎回,
2004-02-02,1.1240,1.1640,1.85%,开放申购,开放赎回,
2004-01-30,1.1036,1.1436,-1.71%,开放申购,开放赎回,
2004-01-29,1.1228,1.1628,0.13%,开放申购,开放赎回,
2004-01-16,1.1213,1.1613,0.51%,开放申购,开放赎回,
2004-01-15,1.1156,1.1556,-0.13%,开放申购,开放赎回,
2004-01-14,1.1170,1.1570,-1.27%,开放申购,开放赎回,
2004-01-13,1.1314,1.1714,-1.20%,开放申购,开放赎回,
2004-01-12,1.1451,1.1851,2.64%,开放申购,开放赎回,
2004-01-09,1.1156,1.1556,-0.88%,开放申购,开放赎回,
2004-01-08,1.1255,1.1655,1.08%,开放申购,开放赎回,
2004-01-07,1.1135,1.1535,0.11%,开放申购,开放赎回,
2004-01-06,1.1123,1.1523,0.90%,开放申购,开放赎回,
2004-01-05,1.1024,1.1424,4.46%,开放申购,开放赎回,
2004-01-02,1.0553,1.0953,0.96%,开放申购,开放赎回,
2003-12-31,1.0453,1.0853,-1.11%,开放申购,开放赎回,
2003-12-30,1.0570,1.0970,0.95%,开放申购,开放赎回,
2003-12-29,1.0471,1.0871,-0.63%,开放申购,开放赎回,每份派现金0.0200元
2003-12-26,1.0739,1.0939,-0.36%,开放申购,开放赎回,
2003-12-25,1.0778,1.0978,-0.20%,开放申购,开放赎回,
2003-12-24,1.0800,1.1000,1.62%,开放申购,开放赎回,
2003-12-23,1.0628,1.0828,1.27%,开放申购,开放赎回,
2003-12-22,1.0495,1.0695,1.57%,开放申购,开放赎回,
2003-12-19,1.0333,1.0533,0.56%,开放申购,开放赎回,
2003-12-18,1.0275,1.0475,0.80%,开放申购,开放赎回,
2003-12-17,1.0193,1.0393,-0.83%,开放申购,开放赎回,
2003-12-16,1.0278,1.0478,0.04%,开放申购,开放赎回,
2003-12-15,1.0274,1.0474,0.22%,开放申购,开放赎回,
2003-12-12,1.0251,1.0451,-0.15%,开放申购,开放赎回,
2003-12-11,1.0266,1.0466,-0.05%,开放申购,开放赎回,
2003-12-10,1.0271,1.0471,1.02%,开放申购,开放赎回,
2003-12-09,1.0167,1.0367,0.16%,开放申购,开放赎回,
2003-12-08,1.0151,1.0351,-0.81%,开放申购,开放赎回,
2003-12-05,1.0234,1.0434,0.24%,开放申购,开放赎回,
2003-12-04,1.0210,1.0410,0.12%,开放申购,开放赎回,
2003-12-03,1.0198,1.0398,0.10%,开放申购,开放赎回,
2003-12-02,1.0188,1.0388,0.37%,开放申购,开放赎回,
2003-12-01,1.0150,1.0350,1.10%,开放申购,开放赎回,
2003-11-28,1.0040,1.0240,0.87%,开放申购,开放赎回,
2003-11-27,0.9953,1.0153,-0.67%,开放申购,开放赎回,
2003-11-26,1.0020,1.0220,-0.04%,开放申购,开放赎回,
2003-11-25,1.0024,1.0224,0.01%,开放申购,开放赎回,
2003-11-24,1.0023,1.0223,1.48%,开放申购,开放赎回,
2003-11-21,0.9877,1.0077,-0.56%,开放申购,开放赎回,
2003-11-20,0.9933,1.0133,0.71%,开放申购,开放赎回,
2003-11-19,0.9863,1.0063,0.61%,开放申购,开放赎回,
2003-11-18,0.9803,1.0003,-0.76%,开放申购,开放赎回,
2003-11-17,0.9878,1.0078,-0.76%,开放申购,开放赎回,
2003-11-14,0.9954,1.0154,0.53%,开放申购,开放赎回,
2003-11-13,0.9902,1.0102,-0.21%,开放申购,开放赎回,
2003-11-12,0.9923,1.0123,-1.15%,开放申购,开放赎回,
2003-11-11,1.0038,1.0238,-0.25%,开放申购,开放赎回,
2003-11-10,1.0063,1.0263,0.27%,开放申购,开放赎回,
2003-11-07,1.0036,1.0236,-1.37%,开放申购,开放赎回,
2003-11-06,1.0175,1.0375,-0.20%,开放申购,开放赎回,
2003-11-05,1.0195,1.0395,0.04%,开放申购,开放赎回,
2003-11-04,1.0191,1.0391,1.23%,开放申购,开放赎回,
2003-11-03,1.0067,1.0267,0.93%,开放申购,开放赎回,
2003-10-31,0.9974,1.0174,-0.28%,开放申购,开放赎回,
2003-10-30,1.0002,1.0202,-0.62%,开放申购,开放赎回,
2003-10-29,1.0064,1.0264,0.90%,开放申购,开放赎回,
2003-10-28,0.9974,1.0174,1.13%,开放申购,开放赎回,
2003-10-27,0.9863,1.0063,0.15%,开放申购,开放赎回,
2003-10-24,0.9848,1.0048,-0.14%,开放申购,开放赎回,
2003-10-23,0.9862,1.0062,-0.36%,开放申购,开放赎回,
2003-10-22,0.9898,1.0098,1.79%,开放申购,开放赎回,
2003-10-21,0.9724,0.9924,0.53%,开放申购,开放赎回,
2003-10-20,0.9673,0.9873,-0.34%,开放申购,开放赎回,
2003-10-17,0.9706,0.9906,0.35%,开放申购,开放赎回,
2003-10-16,0.9672,0.9872,-0.75%,开放申购,开放赎回,
2003-10-15,0.9745,0.9945,-0.37%,开放申购,开放赎回,
2003-10-14,0.9781,0.9981,-0.32%,开放申购,开放赎回,
2003-10-13,0.9812,1.0012,-0.37%,开放申购,开放赎回,
2003-10-10,0.9848,1.0048,1.42%,开放申购,开放赎回,
2003-10-09,0.9710,0.9910,0.11%,开放申购,开放赎回,
2003-10-08,0.9699,0.9899,0.18%,开放申购,开放赎回,
2003-09-30,0.9682,0.9882,0.83%,开放申购,开放赎回,
2003-09-29,0.9602,0.9802,-0.40%,开放申购,开放赎回,
2003-09-26,0.9641,0.9841,0.03%,开放申购,开放赎回,
2003-09-25,0.9638,0.9838,-0.59%,开放申购,开放赎回,
2003-09-24,0.9695,0.9895,0.00%,开放申购,开放赎回,
2003-09-23,0.9695,0.9895,-0.08%,开放申购,开放赎回,
2003-09-22,0.9703,0.9903,-0.41%,开放申购,开放赎回,
2003-09-19,0.9743,0.9943,-0.06%,开放申购,开放赎回,
2003-09-18,0.9749,0.9949,0.09%,开放申购,开放赎回,
2003-09-17,0.9740,0.9940,-0.66%,开放申购,开放赎回,
2003-09-16,0.9805,1.0005,0.08%,开放申购,开放赎回,
2003-09-15,0.9797,0.9997,-0.41%,开放申购,开放赎回,
2003-09-12,0.9837,1.0037,-0.23%,开放申购,开放赎回,
2003-09-11,0.9860,1.0060,0.19%,开放申购,开放赎回,
2003-09-10,0.9841,1.0041,0.05%,开放申购,开放赎回,
2003-09-09,0.9836,1.0036,-0.67%,开放申购,开放赎回,
2003-09-08,0.9902,1.0102,-0.20%,开放申购,开放赎回,
2003-09-05,0.9922,1.0122,-0.73%,开放申购,开放赎回,
2003-09-04,0.9995,1.0195,-0.23%,开放申购,开放赎回,
2003-09-03,1.0018,1.0218,-0.35%,开放申购,开放赎回,
2003-09-02,1.0053,1.0253,-0.12%,开放申购,开放赎回,
2003-09-01,1.0065,1.0265,1.22%,开放申购,开放赎回,
2003-08-29,0.9944,1.0144,0.54%,开放申购,开放赎回,
2003-08-28,0.9891,1.0091,0.07%,开放申购,开放赎回,
2003-08-27,0.9884,1.0084,-0.04%,开放申购,开放赎回,
2003-08-26,0.9888,1.0088,0.20%,开放申购,开放赎回,
2003-08-25,0.9868,1.0068,-0.55%,开放申购,开放赎回,
2003-08-22,0.9923,1.0123,0.22%,开放申购,开放赎回,
2003-08-21,0.9901,1.0101,-0.20%,开放申购,开放赎回,
2003-08-20,0.9921,1.0121,-0.62%,开放申购,开放赎回,
2003-08-19,0.9983,1.0183,0.32%,开放申购,开放赎回,
2003-08-18,0.9951,1.0151,0.05%,开放申购,开放赎回,
2003-08-15,0.9946,1.0146,-0.42%,开放申购,开放赎回,
2003-08-14,0.9988,1.0188,-0.87%,开放申购,开放赎回,
2003-08-13,1.0076,1.0276,-0.73%,开放申购,开放赎回,
2003-08-12,1.0150,1.0350,0.37%,开放申购,开放赎回,
2003-08-11,1.0113,1.0313,0.03%,开放申购,开放赎回,
2003-08-08,1.0110,1.0310,-0.87%,开放申购,开放赎回,每份派现金0.0154元
2003-08-07,1.0354,1.0400,-0.13%,开放申购,开放赎回,
2003-08-06,1.0367,1.0413,-0.64%,开放申购,开放赎回,
2003-08-05,1.0434,1.0480,-0.01%,开放申购,开放赎回,
2003-08-04,1.0435,1.0481,0.80%,开放申购,开放赎回,
2003-08-01,1.0352,1.0398,0.28%,开放申购,开放赎回,
2003-07-31,1.0323,1.0369,0.06%,开放申购,开放赎回,
2003-07-30,1.0317,1.0363,0.34%,开放申购,开放赎回,
2003-07-29,1.0282,1.0328,0.30%,开放申购,开放赎回,
2003-07-28,1.0251,1.0297,-0.12%,开放申购,开放赎回,
2003-07-25,1.0263,1.0309,-1.05%,开放申购,开放赎回,
2003-07-24,1.0372,1.0418,-0.21%,开放申购,开放赎回,
2003-07-23,1.0394,1.0440,-0.11%,开放申购,开放赎回,
2003-07-22,1.0405,1.0451,-0.30%,开放申购,开放赎回,
2003-07-21,1.0436,1.0482,-0.09%,开放申购,开放赎回,
2003-07-18,1.0445,1.0491,-1.45%,开放申购,开放赎回,
2003-07-17,1.0599,1.0645,1.32%,开放申购,开放赎回,
2003-07-16,1.0461,1.0507,0.42%,开放申购,开放赎回,
2003-07-15,1.0417,1.0463,0.22%,开放申购,开放赎回,
2003-07-14,1.0394,1.0440,0.18%,开放申购,开放赎回,
2003-07-11,1.0375,1.0421,-0.15%,开放申购,开放赎回,
2003-07-10,1.0391,1.0437,1.78%,开放申购,开放赎回,
2003-07-09,1.0209,1.0255,-0.27%,开放申购,开放赎回,
2003-07-08,1.0237,1.0283,0.08%,开放申购,开放赎回,
2003-07-07,1.0229,1.0275,0.31%,开放申购,开放赎回,
2003-07-04,1.0197,1.0243,0.01%,开放申购,开放赎回,
2003-07-03,1.0196,1.0242,0.32%,开放申购,开放赎回,
2003-07-02,1.0163,1.0209,0.81%,开放申购,开放赎回,
2003-07-01,1.0081,1.0127,0.27%,开放申购,开放赎回,
2003-06-30,1.0054,1.0100,0.03%,开放申购,开放赎回,
2003-06-27,1.0051,1.0097,-0.73%,开放申购,开放赎回,
2003-06-26,1.0125,1.0171,0.80%,开放申购,开放赎回,
2003-06-25,1.0045,1.0091,-0.53%,开放申购,开放赎回,
2003-06-24,1.0099,1.0145,0.05%,开放申购,开放赎回,
2003-06-23,1.0094,1.0140,-0.48%,开放申购,开放赎回,
2003-06-20,1.0143,1.0189,-0.40%,开放申购,开放赎回,
2003-06-19,1.0184,1.0230,-0.68%,开放申购,开放赎回,
2003-06-18,1.0254,1.0300,-0.10%,开放申购,开放赎回,
2003-06-17,1.0264,1.0310,-0.06%,开放申购,开放赎回,
2003-06-16,1.0270,1.0316,-0.24%,开放申购,开放赎回,
2003-06-13,1.0295,1.0341,0.05%,开放申购,开放赎回,
2003-06-12,1.0290,1.0336,-0.16%,开放申购,开放赎回,
2003-06-11,1.0306,1.0352,0.90%,开放申购,开放赎回,
2003-06-10,1.0214,1.0260,0.38%,开放申购,开放赎回,
2003-06-09,1.0175,1.0221,-0.67%,开放申购,开放赎回,
2003-06-06,1.0244,1.0290,-0.62%,开放申购,开放赎回,
2003-06-05,1.0308,1.0354,-0.69%,开放申购,开放赎回,
2003-06-04,1.0380,1.0426,0.46%,开放申购,开放赎回,
2003-06-03,1.0332,1.0378,-0.53%,开放申购,开放赎回,
2003-06-02,1.0387,1.0433,0.05%,开放申购,开放赎回,
2003-05-30,1.0382,1.0428,0.23%,开放申购,开放赎回,
2003-05-29,1.0358,1.0404,0.62%,开放申购,开放赎回,
2003-05-28,1.0294,1.0340,-0.66%,开放申购,开放赎回,
2003-05-27,1.0362,1.0408,-0.38%,开放申购,开放赎回,
2003-05-26,1.0401,1.0447,0.13%,开放申购,开放赎回,
2003-05-23,1.0388,1.0434,0.70%,开放申购,开放赎回,
2003-05-22,1.0316,1.0362,0.39%,开放申购,开放赎回,
2003-05-21,1.0276,1.0322,-0.19%,开放申购,开放赎回,
2003-05-20,1.0296,1.0342,-0.35%,开放申购,开放赎回,
2003-05-19,1.0332,1.0378,-0.25%,开放申购,开放赎回,
2003-05-16,1.0358,1.0404,0.01%,开放申购,开放赎回,
2003-05-15,1.0357,1.0403,0.73%,开放申购,开放赎回,
2003-05-14,1.0282,1.0328,1.56%,开放申购,开放赎回,
2003-05-13,1.0124,1.0170,-1.25%,开放申购,开放赎回,
2003-05-12,1.0252,1.0298,1.26%,开放申购,开放赎回,
2003-04-30,1.0124,1.0170,0.62%,开放申购,开放赎回,
2003-04-29,1.0062,1.0108,-0.81%,开放申购,开放赎回,
2003-04-28,1.0144,1.0190,2.09%,开放申购,开放赎回,
2003-04-25,0.9936,0.9982,-0.71%,开放申购,开放赎回,
2003-04-24,1.0007,1.0053,-1.34%,开放申购,开放赎回,
2003-04-23,1.0143,1.0189,-1.07%,开放申购,开放赎回,
2003-04-22,1.0253,1.0299,-0.05%,开放申购,开放赎回,
2003-04-21,1.0258,1.0304,-1.35%,开放申购,开放赎回,
2003-04-18,1.0398,1.0444,-0.13%,开放申购,开放赎回,
2003-04-17,1.0412,1.0458,0.21%,开放申购,开放赎回,
2003-04-16,1.0390,1.0436,0.00%,开放申购,开放赎回,
2003-04-15,1.0390,1.0436,0.42%,开放申购,开放赎回,
2003-04-14,1.0347,1.0393,0.94%,开放申购,开放赎回,
2003-04-11,1.0251,1.0297,0.47%,开放申购,开放赎回,
2003-04-10,1.0203,1.0249,0.34%,开放申购,开放赎回,
2003-04-09,1.0168,1.0214,0.34%,开放申购,开放赎回,
2003-04-08,1.0134,1.0180,0.18%,开放申购,开放赎回,
2003-04-07,1.0116,1.0162,-0.06%,开放申购,开放赎回,
2003-04-04,1.0122,1.0168,0.17%,开放申购,开放赎回,
2003-04-03,1.0105,1.0151,-0.07%,开放申购,开放赎回,
2003-04-02,1.0112,1.0158,-0.01%,开放申购,开放赎回,
2003-04-01,1.0113,1.0159,0.24%,开放申购,开放赎回,
2003-03-31,1.0089,1.0135,0.45%,开放申购,开放赎回,
2003-03-28,1.0044,1.0090,-0.09%,开放申购,开放赎回,
2003-03-27,1.0053,1.0099,0.83%,开放申购,开放赎回,
2003-03-26,0.9970,1.0016,-0.16%,开放申购,开放赎回,
2003-03-25,0.9986,1.0032,-0.33%,开放申购,开放赎回,
2003-03-24,1.0019,1.0065,0.07%,开放申购,开放赎回,
2003-03-21,1.0012,1.0058,0.28%,开放申购,开放赎回,
2003-03-20,0.9984,1.0030,-0.08%,开放申购,开放赎回,
2003-03-19,0.9992,1.0038,0.19%,开放申购,开放赎回,
2003-03-18,0.9973,1.0019,-0.25%,开放申购,开放赎回,
2003-03-17,0.9998,1.0044,-0.03%,开放申购,开放赎回,
2003-03-14,1.0001,1.0047,0.04%,开放申购,开放赎回,
2003-03-13,0.9997,1.0043,-0.20%,开放申购,开放赎回,
2003-03-12,1.0017,1.0063,0.17%,开放申购,开放赎回,
2003-03-11,1.0000,1.0046,0.00%,开放申购,开放赎回,
2003-03-10,1.0000,1.0000,-0.40%,开放申购,开放赎回,每份派现金0.0046元
2003-03-07,1.0086,1.0086,-0.12%,开放申购,开放赎回,
2003-03-06,1.0098,1.0098,-0.37%,开放申购,开放赎回,
2003-03-05,1.0136,1.0136,-0.12%,开放申购,开放赎回,
2003-03-04,1.0148,1.0148,0.04%,开放申购,开放赎回,
2003-03-03,1.0144,1.0144,0.19%,开放申购,开放赎回,
2003-02-28,1.0125,1.0125,-0.09%,开放申购,开放赎回,
2003-02-27,1.0134,1.0134,0.03%,开放申购,开放赎回,
2003-02-26,1.0131,1.0131,-0.03%,开放申购,开放赎回,
2003-02-25,1.0134,1.0134,0.52%,开放申购,开放赎回,
2003-02-24,1.0082,1.0082,-0.01%,开放申购,开放赎回,
2003-02-21,1.0083,1.0083,-0.60%,开放申购,开放赎回,
2003-02-20,1.0144,1.0144,-0.01%,开放申购,开放赎回,
2003-02-19,1.0145,1.0145,0.23%,开放申购,开放赎回,
2003-02-18,1.0122,1.0122,-0.03%,开放申购,开放赎回,
2003-02-17,1.0125,1.0125,-0.23%,开放申购,开放赎回,
2003-02-14,1.0148,1.0148,0.19%,开放申购,开放赎回,
2003-02-13,1.0129,1.0129,-0.12%,开放申购,开放赎回,
2003-02-12,1.0141,1.0141,0.47%,开放申购,开放赎回,
2003-02-11,1.0094,1.0094,0.29%,开放申购,开放赎回,
2003-02-10,1.0065,1.0065,-0.62%,开放申购,开放赎回,
2003-01-29,1.0128,1.0128,0.06%,开放申购,开放赎回,
2003-01-28,1.0122,1.0122,0.08%,开放申购,开放赎回,
2003-01-27,1.0114,1.0114,0.53%,开放申购,开放赎回,
2003-01-24,1.0061,1.0061,0.62%,开放申购,开放赎回,
2003-01-23,0.9999,0.9999,-0.23%,开放申购,开放赎回,
2003-01-22,1.0022,1.0022,0.09%,开放申购,开放赎回,
2003-01-21,1.0013,1.0013,-0.65%,开放申购,开放赎回,
2003-01-20,1.0079,1.0079,0.21%,开放申购,开放赎回,
2003-01-17,1.0058,1.0058,-0.27%,开放申购,开放赎回,
2003-01-16,1.0085,1.0085,0.87%,开放申购,开放赎回,
2003-01-15,0.9998,0.9998,0.15%,开放申购,开放赎回,
2003-01-14,0.9983,0.9983,3.44%,开放申购,开放赎回,
2003-01-13,0.9651,0.9651,0.23%,开放申购,开放赎回,
2003-01-10,0.9629,0.9629,-0.57%,开放申购,开放赎回,
2003-01-09,0.9684,0.9684,1.01%,开放申购,开放赎回,
2003-01-08,0.9587,0.9587,2.03%,开放申购,开放赎回,
2003-01-07,0.9396,0.9396,-0.18%,开放申购,开放赎回,
2003-01-06,0.9413,0.9413,0.67%,开放申购,开放赎回,
2003-01-03,0.9350,0.9350,0.03%,开放申购,开放赎回,
2003-01-02,0.9347,0.9347,-1.40%,开放申购,开放赎回,
2002-12-31,0.9480,0.9480,-0.40%,开放申购,开放赎回,
2002-12-30,0.9518,0.9518,-0.72%,开放申购,开放赎回,
2002-12-27,0.9587,0.9587,-0.15%,开放申购,开放赎回,
2002-12-26,0.9601,0.9601,-1.43%,开放申购,开放赎回,
2002-12-25,0.9740,0.9740,-0.55%,开放申购,开放赎回,
2002-12-24,0.9794,0.9794,0.02%,开放申购,开放赎回,
2002-12-23,0.9792,0.9792,0.06%,开放申购,开放赎回,
2002-12-20,0.9786,0.9786,0.67%,开放申购,开放赎回,
2002-12-19,0.9721,0.9721,0.02%,开放申购,开放赎回,
2002-12-18,0.9719,0.9719,-0.37%,开放申购,开放赎回,
2002-12-17,0.9755,0.9755,0.29%,开放申购,开放赎回,
2002-12-16,0.9727,0.9727,0.32%,开放申购,开放赎回,
2002-12-13,0.9696,0.9696,0.66%,开放申购,开放赎回,
2002-12-12,0.9632,0.9632,0.25%,开放申购,开放赎回,
2002-12-11,0.9608,0.9608,-0.08%,开放申购,开放赎回,
2002-12-10,0.9616,0.9616,-0.64%,开放申购,开放赎回,
2002-12-09,0.9678,0.9678,-0.21%,开放申购,开放赎回,
2002-12-06,0.9698,0.9698,-0.05%,开放申购,开放赎回,
2002-12-05,0.9703,0.9703,-0.27%,开放申购,开放赎回,
2002-12-04,0.9729,0.9729,0.08%,开放申购,开放赎回,
2002-12-03,0.9721,0.9721,0.91%,开放申购,开放赎回,
2002-12-02,0.9633,0.9633,-1.28%,开放申购,开放赎回,
2002-11-29,0.9758,0.9758,0.52%,开放申购,开放赎回,
2002-11-28,0.9708,0.9708,1.37%,开放申购,开放赎回,
2002-11-27,0.9577,0.9577,0.47%,开放申购,开放赎回,
2002-11-26,0.9532,0.9532,-1.01%,开放申购,开放赎回,
2002-11-25,0.9629,0.9629,0.09%,开放申购,开放赎回,
2002-11-22,0.9620,0.9620,0.20%,开放申购,开放赎回,
2002-11-21,0.9601,0.9601,-1.13%,开放申购,开放赎回,
2002-11-20,0.9711,0.9711,-1.22%,开放申购,开放赎回,
2002-11-19,0.9831,0.9831,0.28%,开放申购,开放赎回,
2002-11-18,0.9804,0.9804,-0.34%,开放申购,开放赎回,
2002-11-15,0.9837,0.9837,0.14%,开放申购,封闭期,
2002-11-14,0.9823,0.9823,-0.83%,开放申购,封闭期,
2002-11-13,0.9905,0.9905,0.17%,开放申购,封闭期,
2002-11-12,0.9888,0.9888,-0.46%,开放申购,封闭期,
2002-11-11,0.9934,0.9934,-0.48%,开放申购,封闭期,
2002-11-08,0.9982,0.9982,-0.91%,开放申购,封闭期,
2002-11-07,1.0074,1.0074,-0.03%,开放申购,封闭期,
2002-11-06,1.0077,1.0077,-0.20%,开放申购,封闭期,
2002-11-05,1.0097,1.0097,0.72%,开放申购,封闭期,
2002-11-04,1.0025,1.0025,0.64%,开放申购,封闭期,
2002-11-01,0.9961,0.9961,0.18%,开放申购,封闭期,
2002-10-31,0.9943,0.9943,-0.01%,开放申购,封闭期,
2002-10-30,0.9944,0.9944,-0.07%,开放申购,封闭期,
2002-10-29,0.9951,0.9951,0.11%,开放申购,封闭期,
2002-10-28,0.9940,0.9940,-0.47%,开放申购,封闭期,
2002-10-25,0.9987,0.9987,-0.16%,封闭期,封闭期,
2002-10-24,1.0003,1.0003,0.03%,封闭期,封闭期,
2002-10-08,1.0000,1.0000,,封闭期,封闭期,
